0.732422 3.604
0.737729 3.603
0.743075 3.603
0.748460 3.603
0.753883 3.603
0.759346 3.602
0.764849 3.602
0.770391 3.602
0.775974 3.602
0.781597 3.601
0.787261 3.601
0.792966 3.601
0.798712 3.601
0.804500 3.600
0.810329 3.600
0.816201 3.600
0.822116 3.600
0.828073 3.599
0.834074 3.599
0.840118 3.599
0.846206 3.599
0.852338 3.598
0.858514 3.598
0.864735 3.598
0.871001 3.598
0.877313 3.597
0.883670 3.597
0.890074 3.597
0.896524 3.596
0.903020 3.596
0.909564 3.596
0.916155 3.596
0.922794 3.595
0.929481 3.595
0.936216 3.595
0.943000 3.594
0.949834 3.594
0.956717 3.594
0.963649 3.594
0.970632 3.593
0.977666 3.593
0.984750 3.593
0.991886 3.592
0.999074 3.592
1.006314 3.592
1.013606 3.591
1.020951 3.591
1.028349 3.591
1.035801 3.590
1.043307 3.590
1.050867 3.590
1.058482 3.589
1.066152 3.589
1.073878 3.589
1.081660 3.588
1.089498 3.588
1.097393 3.588
1.105345 3.587
1.113355 3.587
1.121423 3.586
1.129549 3.586
1.137734 3.586
1.145979 3.585
1.154283 3.585
1.162647 3.584
1.171072 3.584
1.179558 3.583
1.188106 3.583
1.196715 3.582
1.205387 3.582
1.214122 3.581
1.222920 3.581
1.231782 3.580
1.240708 3.579
1.249699 3.579
1.258754 3.578
1.267876 3.578
1.277063 3.577
1.286318 3.577
1.295639 3.576
1.305027 3.575
1.314484 3.575
1.324009 3.574
1.333604 3.573
1.343268 3.573
1.353002 3.572
1.362806 3.571
1.372681 3.571
1.382628 3.570
1.392647 3.569
1.402739 3.569
1.412904 3.568
1.423142 3.567
1.433455 3.566
1.443843 3.566
1.454305 3.565
1.464844 3.564
1.475459 3.563
1.486150 3.562
1.496920 3.561
1.507767 3.561
1.518693 3.560
1.529698 3.559
1.540783 3.558
1.551948 3.557
1.563194 3.556
1.574521 3.555
1.585931 3.554
1.597423 3.553
1.608999 3.552
1.620658 3.551
1.632402 3.550
1.644232 3.549
1.656146 3.548
1.668147 3.547
1.680235 3.546
1.692411 3.545
1.704675 3.544
1.717028 3.543
1.729470 3.541
1.742003 3.540
1.754626 3.539
1.767341 3.538
1.780147 3.537
1.793047 3.535
1.806040 3.534
1.819128 3.533
1.832310 3.531
1.845587 3.530
1.858961 3.529
1.872432 3.527
1.886001 3.526
1.899667 3.524
1.913433 3.523
1.927299 3.522
1.941265 3.520
1.955332 3.519
1.969501 3.517
1.983773 3.515
1.998148 3.514
2.012627 3.512
2.027212 3.511
2.041902 3.509
2.056698 3.507
2.071602 3.505
2.086614 3.504
2.101734 3.502
2.116964 3.500
2.132304 3.498
2.147756 3.496
2.163320 3.495
2.178996 3.493
2.194786 3.491
2.210690 3.489
2.226710 3.487
2.242845 3.485
2.259098 3.483
2.275468 3.481
2.291957 3.478
2.308566 3.476
2.325295 3.474
2.342145 3.472
2.359117 3.470
2.376212 3.467
2.393431 3.465
2.410775 3.463
2.428244 3.460
2.445840 3.458
2.463564 3.455
2.481416 3.453
2.499397 3.450
2.517509 3.448
2.535752 3.445
2.554127 3.443
2.572635 3.440
2.591277 3.437
2.610055 3.434
2.628968 3.432
2.648019 3.429
2.667208 3.426
2.686535 3.423
2.706003 3.420
2.725612 3.417
2.745363 3.414
2.765257 3.411
2.785295 3.408
2.805478 3.405
2.825808 3.402
2.846285 3.398
2.866910 3.395
2.887685 3.392
2.908611 3.388
2.929688 3.385
2.950917 3.382
2.972301 3.378
2.993839 3.375
3.015534 3.371
3.037386 3.367
3.059396 3.364
3.081565 3.360
3.103896 3.356
3.126388 3.352
3.149043 3.348
3.171862 3.345
3.194847 3.341
3.217998 3.337
3.241317 3.333
3.264805 3.329
3.288463 3.324
3.312293 3.320
3.336295 3.316
3.360471 3.312
3.384822 3.307
3.409350 3.303
3.434056 3.299
3.458940 3.294
3.484005 3.289
3.509252 3.285
3.534681 3.280
3.560295 3.276
3.586094 3.271
3.612081 3.266
3.638255 3.261
3.664620 3.256
3.691175 3.251
3.717923 3.246
3.744864 3.241
3.772001 3.236
3.799335 3.231
3.826866 3.226
3.854597 3.220
3.882529 3.215
3.910664 3.209
3.939002 3.204
3.967546 3.198
3.996296 3.193
4.025255 3.187
4.054423 3.181
4.083804 3.176
4.113396 3.170
4.143204 3.164
4.173227 3.158
4.203468 3.152
4.233928 3.146
4.264609 3.139
4.295512 3.133
4.326639 3.127
4.357992 3.120
4.389572 3.114
4.421380 3.107
4.453419 3.101
4.485691 3.094
4.518196 3.087
4.550936 3.080
4.583914 3.073
4.617131 3.066
4.650589 3.059
4.684289 3.052
4.718233 3.045
4.752424 3.038
4.786862 3.030
4.821549 3.023
4.856488 3.015
4.891680 3.007
4.927127 3.000
4.962831 2.992
4.998794 2.984
5.035017 2.976
5.071503 2.968
5.108253 2.960
5.145270 2.951
5.182555 2.943
5.220110 2.935
5.257937 2.926
5.296038 2.918
5.334415 2.909
5.373071 2.900
5.412006 2.891
5.451224 2.882
5.490725 2.873
5.530514 2.864
5.570590 2.855
5.610957 2.845
5.651616 2.836
5.692570 2.826
5.733821 2.817
5.775370 2.807
5.817221 2.797
5.859375 2.787
5.901834 2.778
5.944602 2.768
5.987679 2.757
6.031068 2.747
6.074771 2.737
6.118792 2.727
6.163131 2.716
6.207792 2.706
6.252776 2.695
6.298086 2.684
6.343725 2.674
6.389694 2.663
6.435996 2.652
6.482634 2.641
6.529610 2.630
6.576926 2.619
6.624585 2.608
6.672590 2.596
6.720942 2.585
6.769645 2.574
6.818700 2.562
6.868111 2.551
6.917881 2.539
6.968010 2.527
7.018504 2.516
7.069362 2.504
7.120590 2.492
7.172189 2.480
7.224161 2.468
7.276511 2.456
7.329239 2.444
7.382350 2.432
7.435845 2.419
7.489729 2.407
7.544002 2.395
7.598669 2.382
7.653732 2.370
7.709194 2.357
7.765058 2.345
7.821327 2.332
7.878004 2.319
7.935091 2.306
7.992592 2.294
8.050510 2.281
8.108847 2.268
8.167607 2.255
8.226793 2.241
8.286408 2.228
8.346454 2.215
8.406936 2.202
8.467856 2.189
8.529218 2.175
8.591024 2.162
8.653278 2.148
8.715983 2.135
8.779143 2.122
8.842760 2.108
8.906839 2.095
8.971381 2.081
9.036392 2.067
9.101873 2.054
9.167829 2.040
9.234263 2.027
9.301178 2.013
9.368578 1.999
9.436467 1.986
9.504847 1.972
9.573723 1.959
9.643099 1.945
9.712976 1.932
9.783361 1.918
9.854255 1.905
9.925663 1.891
9.997588 1.878
10.070035 1.864
10.143007 1.851
10.216507 1.837
10.290540 1.824
10.365109 1.811
10.440219 1.797
10.515873 1.784
10.592076 1.771
10.668830 1.758
10.746141 1.745
10.824012 1.731
10.902447 1.718
10.981451 1.705
11.061027 1.692
11.141180 1.679
11.221913 1.666
11.303232 1.653
11.385140 1.640
11.467641 1.627
11.550741 1.614
11.634442 1.601
11.718750 1.588
11.803669 1.576
11.889203 1.563
11.975357 1.550
12.062136 1.538
12.149543 1.525
12.237583 1.513
12.326262 1.500
12.415583 1.488
12.505552 1.476
12.596172 1.464
12.687449 1.452
12.779387 1.440
12.871992 1.428
12.965268 1.416
13.059220 1.405
13.153852 1.393
13.249170 1.381
13.345179 1.370
13.441884 1.359
13.539289 1.347
13.637401 1.336
13.736223 1.325
13.835761 1.313
13.936021 1.302
14.037007 1.291
14.138725 1.280
14.241180 1.269
14.344377 1.258
14.448323 1.247
14.553021 1.237
14.658478 1.226
14.764700 1.215
14.871691 1.204
14.979457 1.194
15.088005 1.183
15.197339 1.173
15.307465 1.162
15.418389 1.152
15.530117 1.142
15.642655 1.132
15.756008 1.122
15.870182 1.112
15.985184 1.102
16.101019 1.092
16.217694 1.082
16.335214 1.072
16.453586 1.062
16.572815 1.053
16.692909 1.043
16.813872 1.033
16.935713 1.024
17.058436 1.014
17.182048 1.004
17.306556 0.995
17.431967 0.985
17.558286 0.976
17.685521 0.966
17.813677 0.957
17.942762 0.947
18.072783 0.938
18.203746 0.929
18.335658 0.920
18.468526 0.910
18.602356 0.901
18.737156 0.892
18.872934 0.883
19.009695 0.874
19.147447 0.866
19.286197 0.857
19.425953 0.848
19.566721 0.839
19.708510 0.830
19.851326 0.822
19.995177 0.813
20.140070 0.804
20.286013 0.795
20.433014 0.787
20.581080 0.778
20.730219 0.770
20.880439 0.761
21.031747 0.753
21.184152 0.744
21.337661 0.736
21.492282 0.728
21.648024 0.719
21.804895 0.711
21.962902 0.703
22.122054 0.695
22.282360 0.688
22.443827 0.680
22.606464 0.672
22.770280 0.664
22.935283 0.656
23.101481 0.649
23.268884 0.641
23.437500 0.633
23.607338 0.626
23.778406 0.618
23.950714 0.611
24.124271 0.604
24.299086 0.597
24.475167 0.590
24.652524 0.583
24.831166 0.576
25.011103 0.569
25.192344 0.562
25.374898 0.556
25.558775 0.549
25.743984 0.542
25.930536 0.536
26.118439 0.529
26.307704 0.523
26.498341 0.517
26.690359 0.510
26.883768 0.504
27.078579 0.498
27.274801 0.492
27.472446 0.486
27.671522 0.480
27.872042 0.475
28.074014 0.469
28.277450 0.464
28.482360 0.458
28.688755 0.453
28.896645 0.447
29.106042 0.442
29.316957 0.436
29.529400 0.431
29.743382 0.426
29.958915 0.420
30.176009 0.415
30.394677 0.410
30.614929 0.405
30.836778 0.401
31.060234 0.396
31.285309 0.391
31.512015 0.386
31.740364 0.382
31.970368 0.377
32.202039 0.372
32.435388 0.367
32.670428 0.363
32.907171 0.358
33.145630 0.354
33.385817 0.350
33.627745 0.345
33.871425 0.341
34.116871 0.337
34.364096 0.333
34.613113 0.329
34.863934 0.324
35.116572 0.320
35.371041 0.316
35.627354 0.312
35.885525 0.308
36.145566 0.304
36.407492 0.300
36.671316 0.297
36.937051 0.293
37.204712 0.289
37.474313 0.286
37.745867 0.282
38.019389 0.278
38.294893 0.275
38.572394 0.271
38.851905 0.267
39.133442 0.264
39.417019 0.261
39.702651 0.257
39.990353 0.254
40.280140 0.251
40.572026 0.248
40.866028 0.245
41.162160 0.241
41.460438 0.238
41.760877 0.235
42.063494 0.232
42.368303 0.229
42.675322 0.226
42.984565 0.223
43.296048 0.221
43.609789 0.218
43.925804 0.215
44.244108 0.212
44.564719 0.209
44.887654 0.207
45.212928 0.204
45.540560 0.201
45.870565 0.199
46.202962 0.196
46.537768 0.194
46.875000 0.191
47.214676 0.189
47.556813 0.186
47.901429 0.184
48.248542 0.181
48.598171 0.179
48.950334 0.177
49.305048 0.175
49.662333 0.172
50.022206 0.170
50.384688 0.168
50.749796 0.166
51.117550 0.163
51.487969 0.161
51.861072 0.159
52.236879 0.157
52.615409 0.155
52.996681 0.153
53.380717 0.151
53.767536 0.149
54.157158 0.147
54.549603 0.145
54.944892 0.144
55.343045 0.142
55.744084 0.140
56.148028 0.138
56.554900 0.136
56.964720 0.134
57.377510 0.133
57.793291 0.131
58.212085 0.129
58.633914 0.128
59.058799 0.126
59.486764 0.124
59.917829 0.123
60.352019 0.121
60.789354 0.120
61.229859 0.118
61.673556 0.117
62.120468 0.115
62.570618 0.114
63.024031 0.112
63.480729 0.111
63.940736 0.109
64.404077 0.108
64.870776 0.106
65.340856 0.105
65.814343 0.104
66.291261 0.102
66.771635 0.101
67.255489 0.100
67.742850 0.099
68.233743 0.097
68.728193 0.096
69.226226 0.095
69.727867 0.094
70.233144 0.092
70.742083 0.091
71.254709 0.090
71.771050 0.089
72.291132 0.088
72.814984 0.087
73.342631 0.086
73.874102 0.084
74.409424 0.083
74.948626 0.082
75.491734 0.081
76.038779 0.080
76.589787 0.079
77.144788 0.078
77.703811 0.077
78.266885 0.076
78.834039 0.075
79.405303 0.074
79.980706 0.074
80.560280 0.073
81.144053 0.072
81.732056 0.071
82.324320 0.070
82.920876 0.069
83.521755 0.068
84.126988 0.067
84.736607 0.067
85.350643 0.066
85.969129 0.065
86.592097 0.064
87.219579 0.063
87.851608 0.063
88.488217 0.062
89.129439 0.061
89.775308 0.060
90.425856 0.060
91.081119 0.059
91.741131 0.058
92.405925 0.057
93.075536 0.057
93.750000 0.056
94.429351 0.055
95.113625 0.055
95.802858 0.054
96.497085 0.053
97.196342 0.053
97.900667 0.052
98.610096 0.051
99.324665 0.051
100.044413 0.050
100.769376 0.050
101.499592 0.049
102.235100 0.048
102.975938 0.048
103.722144 0.047
104.473757 0.047
105.230817 0.046
105.993363 0.046
106.761435 0.045
107.535072 0.045
108.314315 0.044
109.099206 0.044
109.889783 0.043
110.686090 0.043
111.488167 0.042
112.296056 0.042
113.109800 0.041
113.929440 0.041
114.755020 0.040
115.586582 0.040
116.424170 0.039
117.267827 0.039
118.117598 0.038
118.973527 0.038
119.835658 0.038
120.704037 0.037
121.578708 0.037
122.459718 0.036
123.347111 0.036
124.240935 0.036
125.141236 0.035
126.048061 0.035
126.961458 0.034
127.881473 0.034
128.808154 0.034
129.741551 0.033
130.681712 0.033
131.628686 0.033
132.582521 0.032
133.543269 0.032
134.510979 0.032
135.485701 0.031
136.467486 0.031
137.456386 0.031
138.452451 0.030
139.455735 0.030
140.466288 0.030
141.484165 0.029
142.509418 0.029
143.542100 0.029
144.582265 0.028
145.629968 0.028
146.685262 0.028
147.748204 0.028
148.818849 0.027
149.897251 0.027
150.983469 0.027
152.077557 0.026
153.179574 0.026
154.289576 0.026
155.407622 0.026
156.533770 0.025
157.668078 0.025
158.810606 0.025
159.961413 0.025
161.120559 0.024
162.288105 0.024
163.464112 0.024
164.648640 0.024
165.841752 0.024
167.043510 0.023
168.253976 0.023
169.473213 0.023
170.701286 0.023
171.938258 0.022
173.184194 0.022
174.439158 0.022
175.703216 0.022
176.976434 0.022
178.258878 0.021
179.550615 0.021
180.851713 0.021
182.162239 0.021
183.482262 0.021
184.811850 0.021
186.151073 0.020
187.500000 0.020
188.858702 0.020
190.227250 0.020
191.605715 0.020
192.994169 0.020
194.392685 0.019
195.801334 0.019
197.220191 0.019
198.649330 0.019
200.088825 0.019
201.538751 0.019
202.999184 0.018
204.470200 0.018
205.951875 0.018
207.444287 0.018
208.947514 0.018
210.461634 0.018
211.986726 0.018
213.522869 0.017
215.070144 0.017
216.628631 0.017
218.198411 0.017
219.779567 0.017
221.372180 0.017
222.976334 0.017
224.592112 0.017
226.219600 0.016
227.858880 0.016
229.510039 0.016
231.173164 0.016
232.848340 0.016
234.535655 0.016
236.235197 0.016
237.947054 0.016
239.671317 0.016
241.408074 0.015
243.157416 0.015
244.919435 0.015
246.694223 0.015
248.481871 0.015
250.282473 0.015
252.096123 0.015
253.922915 0.015
255.762945 0.015
257.616309 0.015
259.483103 0.014
261.363424 0.014
263.257372 0.014
265.165043 0.014
267.086538 0.014
269.021957 0.014
270.971401 0.014
272.934972 0.014
274.912771 0.014
276.904902 0.014
278.911469 0.014
280.932577 0.013
282.968330 0.013
285.018835 0.013
287.084199 0.013
289.164530 0.013
291.259935 0.013
293.370525 0.013
295.496408 0.013
297.637697 0.013
299.794503 0.013
301.966937 0.013
304.155114 0.013
306.359147 0.013
308.579152 0.013
310.815244 0.013
313.067539 0.012
315.336156 0.012
317.621211 0.012
319.922826 0.012
322.241118 0.012
324.576210 0.012
326.928223 0.012
329.297280 0.012
331.683504 0.012
334.087019 0.012
336.507952 0.012
338.946427 0.012
341.402572 0.012
343.876516 0.012
346.368387 0.012
348.878315 0.012
351.406431 0.012
353.952867 0.011
356.517756 0.011
359.101230 0.011
361.703426 0.011
364.324478 0.011
366.964523 0.011
369.623699 0.011
372.302145 0.011
375.000000 0.011
377.717405 0.011
380.454501 0.011
383.211431 0.011
385.988339 0.011
388.785369 0.011
391.602668 0.011
394.440383 0.011
397.298660 0.011
400.177650 0.011
403.077502 0.011
405.998368 0.011
408.940400 0.011
411.903750 0.011
414.888575 0.011
417.895028 0.011
420.923268 0.010
423.973452 0.010
427.045738 0.010
430.140287 0.010
433.257261 0.010
436.396822 0.010
439.559133 0.010
442.744360 0.010
445.952668 0.010
449.184225 0.010
452.439199 0.010
455.717760 0.010
459.020079 0.010
462.346327 0.010
465.696680 0.010
469.071310 0.010
472.470394 0.010
475.894109 0.010
479.342634 0.010
482.816148 0.010
486.314833 0.010
489.838871 0.010
493.388445 0.010
496.963741 0.010
500.564945 0.010
504.192245 0.010
507.845830 0.010
511.525890 0.010
515.232618 0.010
518.966206 0.010
522.726849 0.010
526.514743 0.010
530.330086 0.010
534.173076 0.010
538.043915 0.010
541.942803 0.010
545.869944 0.010
549.825542 0.009
553.809805 0.009
557.822939 0.009
561.865154 0.009
565.936660 0.009
570.037671 0.009
574.168399 0.009
578.329060 0.009
582.519870 0.009
586.741049 0.009
590.992817 0.009
595.275394 0.009
599.589005 0.009
603.933874 0.009
608.310228 0.009
612.718295 0.009
617.158304 0.009
621.630488 0.009
626.135079 0.009
630.672311 0.009
635.242423 0.009
639.845651 0.009
644.482237 0.009
649.152421 0.009
653.856447 0.009
658.594560 0.009
663.367008 0.009
668.174039 0.009
673.015903 0.009
677.892854 0.009
682.805145 0.009
687.753032 0.009
692.736774 0.009
697.756631 0.009
702.812863 0.009
707.905735 0.009
713.035511 0.009
718.202461 0.009
723.406852 0.009
728.648956 0.009
733.929047 0.009
739.247399 0.009
744.604290 0.009
750.000000 0.009
755.434809 0.009
760.909001 0.009
766.422861 0.009
771.976677 0.009
777.570739 0.009
783.205337 0.009
788.880766 0.009
794.597321 0.009
800.355301 0.009
806.155005 0.009
811.996736 0.009
817.880799 0.009
823.807501 0.009
829.777150 0.009
835.790057 0.009
841.846536 0.009
847.946903 0.009
854.091476 0.009
860.280575 0.009
866.514523 0.009
872.793644 0.009
879.118267 0.009
885.488720 0.009
891.905336 0.009
898.368450 0.009
904.878398 0.009
911.435520 0.009
918.040157 0.009
924.692655 0.009
931.393359 0.009
938.142619 0.009
944.940787 0.009
951.788218 0.009
958.685268 0.009
965.632296 0.009
972.629666 0.009
979.677741 0.009
986.776890 0.009
993.927482 0.009
1001.129891 0.009
1008.384491 0.009
1015.691660 0.009
1023.051781 0.008
1030.465236 0.008
1037.932411 0.008
1045.453698 0.008
1053.029486 0.008
1060.660172 0.008
1068.346153 0.008
1076.087829 0.008
1083.885605 0.008
1091.739887 0.008
1099.651084 0.008
1107.619609 0.008
1115.645878 0.008
1123.730308 0.008
1131.873321 0.008
1140.075341 0.008
1148.336797 0.008
1156.658119 0.008
1165.039741 0.008
1173.482099 0.008
1181.985634 0.008
1190.550789 0.008
1199.178011 0.008
1207.867749 0.008
1216.620457 0.008
1225.436590 0.008
1234.316609 0.008
1243.260976 0.008
1252.270157 0.008
1261.344623 0.008
1270.484846 0.008
1279.691303 0.008
1288.964474 0.008
1298.304842 0.008
1307.712894 0.008
1317.189120 0.008
1326.734016 0.008
1336.348077 0.008
1346.031806 0.008
1355.785708 0.008
1365.610290 0.008
1375.506065 0.008
1385.473549 0.008
1395.513261 0.008
1405.625726 0.008
1415.811469 0.008
1426.071023 0.008
1436.404921 0.008
1446.813703 0.008
1457.297912 0.008
1467.858093 0.008
1478.494798 0.008
1489.208581 0.008
1500.000000 0.008
1510.869618 0.008
1521.818002 0.008
1532.845723 0.008
1543.953355 0.008
1555.141477 0.008
1566.410674 0.008
1577.761531 0.008
1589.194642 0.008
1600.710601 0.008
1612.310010 0.008
1623.993473 0.008
1635.761599 0.008
1647.615002 0.008
1659.554299 0.008
1671.580114 0.008
1683.693072 0.008
1695.893807 0.008
1708.182952 0.008
1720.561150 0.008
1733.029045 0.008
1745.587288 0.008
1758.236533 0.008
1770.977440 0.008
1783.810673 0.008
1796.736900 0.008
1809.756796 0.008
1822.871040 0.008
1836.080315 0.008
1849.385310 0.008
1862.786718 0.008
1876.285239 0.008
1889.881575 0.008
1903.576436 0.008
1917.370535 0.008
1931.264593 0.008
1945.259332 0.008
1959.355483 0.008
1973.553781 0.008
1987.854965 0.008
2002.259781 0.008
2016.768981 0.008
2031.383320 0.008
2046.103561 0.008
2060.930471 0.008
2075.864823 0.008
2090.907395 0.008
2106.058972 0.008
2121.320344 0.008
2136.692305 0.008
2152.175658 0.008
2167.771210 0.008
2183.479774 0.008
2199.302169 0.008
2215.239219 0.008
2231.291755 0.008
2247.460615 0.008
2263.746641 0.008
2280.150683 0.008
2296.673595 0.008
2313.316238 0.008
2330.079481 0.008
2346.964198 0.008
2363.971268 0.008
2381.101578 0.008
2398.356022 0.008
2415.735498 0.008
2433.240913 0.008
2450.873180 0.008
2468.633217 0.008
2486.521951 0.008
2504.540314 0.008
2522.689246 0.008
2540.969692 0.008
2559.382606 0.008
2577.928947 0.008
2596.609683 0.008
2615.425787 0.008
2634.378241 0.008
2653.468031 0.008
2672.696154 0.008
2692.063613 0.008
2711.571415 0.008
2731.220579 0.008
2751.012130 0.008
2770.947098 0.008
2791.026522 0.008
2811.251451 0.008
2831.622938 0.008
2852.142045 0.008
2872.809842 0.008
2893.627406 0.008
2914.595823 0.008
2935.716186 0.008
2956.989596 0.008
2978.417161 0.008
3000.000000 0.008
3021.739237 0.008
3043.636005 0.008
3065.691446 0.008
3087.906710 0.008
3110.282955 0.008
3132.821347 0.008
3155.523062 0.008
3178.389283 0.008
3201.421202 0.008
3224.620020 0.008
3247.986946 0.008
3271.523198 0.008
3295.230004 0.008
3319.108599 0.008
3343.160228 0.008
3367.386145 0.008
3391.787613 0.008
3416.365904 0.008
3441.122300 0.008
3466.058091 0.008
3491.174576 0.008
3516.473066 0.008
3541.954880 0.008
3567.621345 0.008
3593.473800 0.008
3619.513592 0.008
3645.742080 0.008
3672.160630 0.008
3698.770620 0.008
3725.573436 0.008
3752.570477 0.008
3779.763150 0.008
3807.152872 0.008
3834.741071 0.008
3862.529185 0.008
3890.518664 0.008
3918.710966 0.008
3947.107561 0.008
3975.709929 0.008
4004.519563 0.008
4033.537962 0.008
4062.766641 0.008
4092.207123 0.008
4121.860942 0.008
4151.729646 0.008
4181.814790 0.008
4212.117944 0.008
4242.640687 0.008
4273.384610 0.008
4304.351317 0.008
4335.542421 0.008
4366.959549 0.008
4398.604338 0.008
4430.478438 0.008
4462.583511 0.008
4494.921231 0.008
4527.493283 0.008
4560.301365 0.008
4593.347189 0.008
4626.632476 0.008
4660.158962 0.008
4693.928395 0.008
4727.942535 0.008
4762.203156 0.008
4796.712043 0.008
4831.470996 0.008
4866.481826 0.008
4901.746360 0.008
4937.266434 0.008
4973.043902 0.008
5009.080628 0.008
5045.378492 0.008
5081.939384 0.008
5118.765212 0.008
5155.857894 0.008
5193.219366 0.008
5230.851574 0.008
5268.756481 0.008
5306.936062 0.008
5345.392309 0.008
5384.127225 0.008
5423.142830 0.008
5462.441159 0.008
5502.024259 0.008
5541.894195 0.008
5582.053045 0.008
5622.502902 0.008
5663.245876 0.008
5704.284090 0.008
5745.619684 0.008
5787.254813 0.008
5829.191647 0.008
5871.432373 0.008
5913.979192 0.008
5956.834323 0.008
6000.000000 0.008
6043.478473 0.008
6087.272010 0.008
6131.382892 0.008
6175.813420 0.008
6220.565910 0.008
6265.642695 0.008
6311.046124 0.008
6356.778566 0.008
6402.842404 0.008
6449.240040 0.008
6495.973891 0.008
6543.046396 0.008
6590.460007 0.008
6638.217197 0.008
6686.320456 0.008
6734.772290 0.008
6783.575226 0.008
6832.731809 0.008
6882.244600 0.008
6932.116181 0.008
6982.349153 0.008
7032.946133 0.008
7083.909760 0.008
7135.242690 0.008
7186.947600 0.008
7239.027185 0.008
7291.484160 0.008
7344.321260 0.008
7397.541239 0.008
7451.146872 0.008
7505.140954 0.008
7559.526299 0.008
7614.305743 0.008
7669.482141 0.008
7725.058371 0.008
7781.037328 0.008
7837.421932 0.008
7894.215122 0.008
7951.419859 0.008
8009.039125 0.008
8067.075924 0.008
8125.533282 0.008
8184.414245 0.008
8243.721885 0.008
8303.459292 0.008
8363.629581 0.008
8424.235888 0.008
8485.281374 0.008
8546.769221 0.008
8608.702634 0.008
8671.084842 0.008
8733.919097 0.008
8797.208675 0.008
8860.956876 0.008
8925.167022 0.008
8989.842461 0.008
9054.986566 0.008
9120.602731 0.008
9186.694378 0.008
9253.264952 0.008
9320.317925 0.008
9387.856790 0.008
9455.885071 0.008
9524.406312 0.008
9593.424086 0.008
9662.941992 0.008
9732.963653 0.008
9803.492719 0.008
9874.532869 0.008
9946.087805 0.008
10018.161257 0.008
10090.756983 0.008
10163.878768 0.008
10237.530423 0.008
10311.715789 0.008
10386.438732 0.008
10461.703149 0.008
10537.512962 0.008
10613.872125 0.008
10690.784618 0.008
10768.254450 0.008
10846.285661 0.008
10924.882318 0.008
11004.048518 0.008
11083.788390 0.008
11164.106090 0.008
11245.005805 0.008
11326.491752 0.008
11408.568180 0.008
11491.239368 0.008
11574.509626 0.008
11658.383294 0.008
11742.864745 0.008
11827.958384 0.008
11913.668646 0.008
12000.000000 0.008
12086.956947 0.008
12174.544019 0.008
12262.765784 0.008
12351.626840 0.008
12441.131819 0.008
12531.285389 0.008
12622.092249 0.008
12713.557132 0.008
12805.684808 0.008
12898.480079 0.008
12991.947783 0.008
13086.092792 0.008
13180.920015 0.008
13276.434395 0.008
13372.640911 0.008
13469.544580 0.008
13567.150452 0.008
13665.463617 0.008
13764.489200 0.008
13864.232362 0.008
13964.698305 0.008
14065.892266 0.008
14167.819519 0.008
14270.485380 0.008
14373.895200 0.008
14478.054370 0.008
14582.968320 0.008
14688.642520 0.008
14795.082478 0.008
14902.293745 0.008
15010.281908 0.008
15119.052599 0.008
15228.611486 0.008
15338.964283 0.008
15450.116741 0.008
15562.074656 0.008
15674.843864 0.008
15788.430244 0.008
15902.839718 0.008
16018.078250 0.008
16134.151848 0.008
16251.066563 0.008
16368.828491 0.008
16487.443769 0.008
16606.918584 0.008
16727.259161 0.008
16848.471777 0.008
16970.562748 0.008
17093.538442 0.008
17217.405268 0.008
17342.169684 0.008
17467.838194 0.008
17594.417350 0.008
17721.913751 0.008
17850.334044 0.008
17979.684923 0.008
18109.973131 0.008
18241.205462 0.008
18373.388756 0.008
18506.529905 0.008
18640.635849 0.008
18775.713581 0.008
18911.770141 0.008
19048.812624 0.008
19186.848172 0.008
19325.883983 0.008
19465.927305 0.008
19606.985439 0.008
19749.065738 0.008
19892.175609 0.008
20036.322514 0.008
20181.513966 0.008
20327.757536 0.008
20475.060846 0.008
20623.431577 0.008
20772.877464 0.008
20923.406297 0.008
21075.025924 0.008
21227.744250 0.008
21381.569235 0.008
21536.508900 0.008
21692.571321 0.008
21849.764635 0.008
22008.097037 0.008
22167.576780 0.008
22328.212180 0.008
22490.011609 0.008
22652.983504 0.008
22817.136361 0.008
22982.478737 0.008
23149.019252 0.008
23316.766588 0.008
23485.729490 0.008
23655.916767 0.008
23827.337292 0.008
24000.000000 0.008
