0.732422 2.252
0.737729 2.252
0.743075 2.252
0.748460 2.252
0.753883 2.251
0.759346 2.251
0.764849 2.251
0.770391 2.251
0.775974 2.251
0.781597 2.251
0.787261 2.250
0.792966 2.250
0.798712 2.250
0.804500 2.250
0.810329 2.250
0.816201 2.250
0.822116 2.249
0.828073 2.249
0.834074 2.249
0.840118 2.249
0.846206 2.249
0.852338 2.249
0.858514 2.248
0.864735 2.248
0.871001 2.248
0.877313 2.248
0.883670 2.248
0.890074 2.248
0.896524 2.247
0.903020 2.247
0.909564 2.247
0.916155 2.247
0.922794 2.247
0.929481 2.246
0.936216 2.246
0.943000 2.246
0.949834 2.246
0.956717 2.246
0.963649 2.245
0.970632 2.245
0.977666 2.245
0.984750 2.245
0.991886 2.245
0.999074 2.244
1.006314 2.244
1.013606 2.244
1.020951 2.244
1.028349 2.244
1.035801 2.243
1.043307 2.243
1.050867 2.243
1.058482 2.243
1.066152 2.243
1.073878 2.242
1.081660 2.242
1.089498 2.242
1.097393 2.242
1.105345 2.241
1.113355 2.241
1.121423 2.241
1.129549 2.241
1.137734 2.240
1.145979 2.240
1.154283 2.240
1.162647 2.239
1.171072 2.239
1.179558 2.239
1.188106 2.238
1.196715 2.238
1.205387 2.238
1.214122 2.237
1.222920 2.237
1.231782 2.237
1.240708 2.236
1.249699 2.236
1.258754 2.236
1.267876 2.235
1.277063 2.235
1.286318 2.234
1.295639 2.234
1.305027 2.234
1.314484 2.233
1.324009 2.233
1.333604 2.232
1.343268 2.232
1.353002 2.231
1.362806 2.231
1.372681 2.231
1.382628 2.230
1.392647 2.230
1.402739 2.229
1.412904 2.229
1.423142 2.228
1.433455 2.228
1.443843 2.227
1.454305 2.227
1.464844 2.226
1.475459 2.226
1.486150 2.225
1.496920 2.224
1.507767 2.224
1.518693 2.223
1.529698 2.223
1.540783 2.222
1.551948 2.222
1.563194 2.221
1.574521 2.220
1.585931 2.220
1.597423 2.219
1.608999 2.218
1.620658 2.218
1.632402 2.217
1.644232 2.216
1.656146 2.216
1.668147 2.215
1.680235 2.214
1.692411 2.214
1.704675 2.213
1.717028 2.212
1.729470 2.211
1.742003 2.211
1.754626 2.210
1.767341 2.209
1.780147 2.208
1.793047 2.207
1.806040 2.206
1.819128 2.206
1.832310 2.205
1.845587 2.204
1.858961 2.203
1.872432 2.202
1.886001 2.201
1.899667 2.200
1.913433 2.199
1.927299 2.198
1.941265 2.197
1.955332 2.196
1.969501 2.195
1.983773 2.194
1.998148 2.193
2.012627 2.192
2.027212 2.191
2.041902 2.190
2.056698 2.189
2.071602 2.188
2.086614 2.187
2.101734 2.185
2.116964 2.184
2.132304 2.183
2.147756 2.182
2.163320 2.181
2.178996 2.179
2.194786 2.178
2.210690 2.177
2.226710 2.175
2.242845 2.174
2.259098 2.173
2.275468 2.171
2.291957 2.170
2.308566 2.169
2.325295 2.167
2.342145 2.166
2.359117 2.164
2.376212 2.163
2.393431 2.161
2.410775 2.160
2.428244 2.158
2.445840 2.157
2.463564 2.155
2.481416 2.153
2.499397 2.152
2.517509 2.150
2.535752 2.148
2.554127 2.147
2.572635 2.145
2.591277 2.143
2.610055 2.141
2.628968 2.139
2.648019 2.138
2.667208 2.136
2.686535 2.134
2.706003 2.132
2.725612 2.130
2.745363 2.128
2.765257 2.126
2.785295 2.124
2.805478 2.122
2.825808 2.120
2.846285 2.118
2.866910 2.116
2.887685 2.114
2.908611 2.111
2.929688 2.109
2.950917 2.107
2.972301 2.105
2.993839 2.102
3.015534 2.100
3.037386 2.098
3.059396 2.095
3.081565 2.093
3.103896 2.090
3.126388 2.088
3.149043 2.085
3.171862 2.083
3.194847 2.080
3.217998 2.078
3.241317 2.075
3.264805 2.073
3.288463 2.070
3.312293 2.067
3.336295 2.064
3.360471 2.062
3.384822 2.059
3.409350 2.056
3.434056 2.053
3.458940 2.050
3.484005 2.047
3.509252 2.044
3.534681 2.041
3.560295 2.038
3.586094 2.035
3.612081 2.032
3.638255 2.029
3.664620 2.026
3.691175 2.023
3.717923 2.019
3.744864 2.016
3.772001 2.013
3.799335 2.010
3.826866 2.006
3.854597 2.003
3.882529 1.999
3.910664 1.996
3.939002 1.992
3.967546 1.989
3.996296 1.985
4.025255 1.981
4.054423 1.978
4.083804 1.974
4.113396 1.970
4.143204 1.966
4.173227 1.963
4.203468 1.959
4.233928 1.955
4.264609 1.951
4.295512 1.947
4.326639 1.943
4.357992 1.939
4.389572 1.934
4.421380 1.930
4.453419 1.926
4.485691 1.922
4.518196 1.917
4.550936 1.913
4.583914 1.909
4.617131 1.904
4.650589 1.900
4.684289 1.895
4.718233 1.890
4.752424 1.886
4.786862 1.881
4.821549 1.876
4.856488 1.871
4.891680 1.867
4.927127 1.862
4.962831 1.857
4.998794 1.852
5.035017 1.847
5.071503 1.841
5.108253 1.836
5.145270 1.831
5.182555 1.826
5.220110 1.820
5.257937 1.815
5.296038 1.809
5.334415 1.804
5.373071 1.798
5.412006 1.793
5.451224 1.787
5.490725 1.781
5.530514 1.776
5.570590 1.770
5.610957 1.764
5.651616 1.758
5.692570 1.752
5.733821 1.746
5.775370 1.740
5.817221 1.734
5.859375 1.727
5.901834 1.721
5.944602 1.715
5.987679 1.708
6.031068 1.702
6.074771 1.696
6.118792 1.689
6.163131 1.683
6.207792 1.676
6.252776 1.669
6.298086 1.663
6.343725 1.656
6.389694 1.649
6.435996 1.642
6.482634 1.635
6.529610 1.629
6.576926 1.622
6.624585 1.615
6.672590 1.608
6.720942 1.601
6.769645 1.594
6.818700 1.586
6.868111 1.579
6.917881 1.572
6.968010 1.565
7.018504 1.557
7.069362 1.550
7.120590 1.543
7.172189 1.535
7.224161 1.528
7.276511 1.520
7.329239 1.513
7.382350 1.505
7.435845 1.498
7.489729 1.490
7.544002 1.483
7.598669 1.475
7.653732 1.467
7.709194 1.459
7.765058 1.452
7.821327 1.444
7.878004 1.436
7.935091 1.428
7.992592 1.420
8.050510 1.412
8.108847 1.404
8.167607 1.396
8.226793 1.388
8.286408 1.380
8.346454 1.372
8.406936 1.364
8.467856 1.356
8.529218 1.347
8.591024 1.339
8.653278 1.331
8.715983 1.323
8.779143 1.314
8.842760 1.306
8.906839 1.298
8.971381 1.289
9.036392 1.281
9.101873 1.273
9.167829 1.264
9.234263 1.256
9.301178 1.248
9.368578 1.240
9.436467 1.231
9.504847 1.223
9.573723 1.215
9.643099 1.206
9.712976 1.198
9.783361 1.190
9.854255 1.181
9.925663 1.173
9.997588 1.165
10.070035 1.157
10.143007 1.149
10.216507 1.140
10.290540 1.132
10.365109 1.124
10.440219 1.116
10.515873 1.108
10.592076 1.100
10.668830 1.092
10.746141 1.084
10.824012 1.075
10.902447 1.067
10.981451 1.059
11.061027 1.051
11.141180 1.043
11.221913 1.035
11.303232 1.027
11.385140 1.019
11.467641 1.011
11.550741 1.003
11.634442 0.996
11.718750 0.988
11.803669 0.980
11.889203 0.972
11.975357 0.964
12.062136 0.957
12.149543 0.949
12.237583 0.941
12.326262 0.934
12.415583 0.926
12.505552 0.918
12.596172 0.911
12.687449 0.904
12.779387 0.896
12.871992 0.889
12.965268 0.882
13.059220 0.874
13.153852 0.867
13.249170 0.860
13.345179 0.853
13.441884 0.846
13.539289 0.839
13.637401 0.832
13.736223 0.825
13.835761 0.818
13.936021 0.811
14.037007 0.804
14.138725 0.797
14.241180 0.790
14.344377 0.783
14.448323 0.776
14.553021 0.770
14.658478 0.763
14.764700 0.756
14.871691 0.750
14.979457 0.743
15.088005 0.736
15.197339 0.730
15.307465 0.723
15.418389 0.717
15.530117 0.710
15.642655 0.704
15.756008 0.698
15.870182 0.691
15.985184 0.685
16.101019 0.679
16.217694 0.673
16.335214 0.667
16.453586 0.661
16.572815 0.654
16.692909 0.648
16.813872 0.642
16.935713 0.636
17.058436 0.630
17.182048 0.624
17.306556 0.618
17.431967 0.612
17.558286 0.606
17.685521 0.600
17.813677 0.594
17.942762 0.589
18.072783 0.583
18.203746 0.577
18.335658 0.571
18.468526 0.565
18.602356 0.560
18.737156 0.554
18.872934 0.549
19.009695 0.543
19.147447 0.537
19.286197 0.532
19.425953 0.527
19.566721 0.521
19.708510 0.516
19.851326 0.510
19.995177 0.505
20.140070 0.499
20.286013 0.494
20.433014 0.489
20.581080 0.483
20.730219 0.478
20.880439 0.473
21.031747 0.468
21.184152 0.462
21.337661 0.457
21.492282 0.452
21.648024 0.447
21.804895 0.442
21.962902 0.437
22.122054 0.432
22.282360 0.428
22.443827 0.423
22.606464 0.418
22.770280 0.413
22.935283 0.409
23.101481 0.404
23.268884 0.399
23.437500 0.394
23.607338 0.390
23.778406 0.385
23.950714 0.381
24.124271 0.376
24.299086 0.372
24.475167 0.368
24.652524 0.363
24.831166 0.359
25.011103 0.355
25.192344 0.351
25.374898 0.347
25.558775 0.343
25.743984 0.339
25.930536 0.335
26.118439 0.331
26.307704 0.327
26.498341 0.323
26.690359 0.319
26.883768 0.315
27.078579 0.311
27.274801 0.308
27.472446 0.304
27.671522 0.301
27.872042 0.297
28.074014 0.294
28.277450 0.290
28.482360 0.287
28.688755 0.283
28.896645 0.280
29.106042 0.277
29.316957 0.273
29.529400 0.270
29.743382 0.267
29.958915 0.263
30.176009 0.260
30.394677 0.257
30.614929 0.254
30.836778 0.251
31.060234 0.248
31.285309 0.245
31.512015 0.242
31.740364 0.239
31.970368 0.237
32.202039 0.234
32.435388 0.231
32.670428 0.228
32.907171 0.225
33.145630 0.222
33.385817 0.220
33.627745 0.217
33.871425 0.214
34.116871 0.212
34.364096 0.209
34.613113 0.207
34.863934 0.204
35.116572 0.202
35.371041 0.199
35.627354 0.197
35.885525 0.194
36.145566 0.192
36.407492 0.189
36.671316 0.187
36.937051 0.185
37.204712 0.183
37.474313 0.180
37.745867 0.178
38.019389 0.176
38.294893 0.173
38.572394 0.171
38.851905 0.169
39.133442 0.167
39.417019 0.165
39.702651 0.163
39.990353 0.161
40.280140 0.159
40.572026 0.157
40.866028 0.155
41.162160 0.153
41.460438 0.151
41.760877 0.149
42.063494 0.147
42.368303 0.145
42.675322 0.144
42.984565 0.142
43.296048 0.140
43.609789 0.138
43.925804 0.137
44.244108 0.135
44.564719 0.133
44.887654 0.132
45.212928 0.130
45.540560 0.128
45.870565 0.127
46.202962 0.125
46.537768 0.124
46.875000 0.122
47.214676 0.120
47.556813 0.119
47.901429 0.117
48.248542 0.116
48.598171 0.115
48.950334 0.113
49.305048 0.112
49.662333 0.110
50.022206 0.109
50.384688 0.108
50.749796 0.106
51.117550 0.105
51.487969 0.104
51.861072 0.102
52.236879 0.101
52.615409 0.100
52.996681 0.099
53.380717 0.097
53.767536 0.096
54.157158 0.095
54.549603 0.094
54.944892 0.093
55.343045 0.092
55.744084 0.090
56.148028 0.089
56.554900 0.088
56.964720 0.087
57.377510 0.086
57.793291 0.085
58.212085 0.084
58.633914 0.083
59.058799 0.082
59.486764 0.081
59.917829 0.080
60.352019 0.079
60.789354 0.078
61.229859 0.077
61.673556 0.076
62.120468 0.075
62.570618 0.074
63.024031 0.073
63.480729 0.072
63.940736 0.072
64.404077 0.071
64.870776 0.070
65.340856 0.069
65.814343 0.068
66.291261 0.067
66.771635 0.066
67.255489 0.066
67.742850 0.065
68.233743 0.064
68.728193 0.063
69.226226 0.063
69.727867 0.062
70.233144 0.061
70.742083 0.060
71.254709 0.060
71.771050 0.059
72.291132 0.058
72.814984 0.058
73.342631 0.057
73.874102 0.056
74.409424 0.056
74.948626 0.055
75.491734 0.054
76.038779 0.054
76.589787 0.053
77.144788 0.052
77.703811 0.052
78.266885 0.051
78.834039 0.051
79.405303 0.050
79.980706 0.049
80.560280 0.049
81.144053 0.048
81.732056 0.048
82.324320 0.047
82.920876 0.047
83.521755 0.046
84.126988 0.046
84.736607 0.045
85.350643 0.045
85.969129 0.044
86.592097 0.044
87.219579 0.043
87.851608 0.043
88.488217 0.042
89.129439 0.042
89.775308 0.041
90.425856 0.041
91.081119 0.040
91.741131 0.040
92.405925 0.039
93.075536 0.039
93.750000 0.039
94.429351 0.038
95.113625 0.038
95.802858 0.037
96.497085 0.037
97.196342 0.037
97.900667 0.036
98.610096 0.036
99.324665 0.035
100.044413 0.035
100.769376 0.035
101.499592 0.034
102.235100 0.034
102.975938 0.034
103.722144 0.033
104.473757 0.033
105.230817 0.033
105.993363 0.032
106.761435 0.032
107.535072 0.032
108.314315 0.031
109.099206 0.031
109.889783 0.031
110.686090 0.030
111.488167 0.030
112.296056 0.030
113.109800 0.029
113.929440 0.029
114.755020 0.029
115.586582 0.029
116.424170 0.028
117.267827 0.028
118.117598 0.028
118.973527 0.027
119.835658 0.027
120.704037 0.027
121.578708 0.027
122.459718 0.026
123.347111 0.026
124.240935 0.026
125.141236 0.026
126.048061 0.025
126.961458 0.025
127.881473 0.025
128.808154 0.025
129.741551 0.025
130.681712 0.024
131.628686 0.024
132.582521 0.024
133.543269 0.024
134.510979 0.023
135.485701 0.023
136.467486 0.023
137.456386 0.023
138.452451 0.023
139.455735 0.022
140.466288 0.022
141.484165 0.022
142.509418 0.022
143.542100 0.022
144.582265 0.021
145.629968 0.021
146.685262 0.021
147.748204 0.021
148.818849 0.021
149.897251 0.021
150.983469 0.020
152.077557 0.020
153.179574 0.020
154.289576 0.020
155.407622 0.020
156.533770 0.020
157.668078 0.020
158.810606 0.019
159.961413 0.019
161.120559 0.019
162.288105 0.019
163.464112 0.019
164.648640 0.019
165.841752 0.018
167.043510 0.018
168.253976 0.018
169.473213 0.018
170.701286 0.018
171.938258 0.018
173.184194 0.018
174.439158 0.018
175.703216 0.017
176.976434 0.017
178.258878 0.017
179.550615 0.017
180.851713 0.017
182.162239 0.017
183.482262 0.017
184.811850 0.017
186.151073 0.017
187.500000 0.016
188.858702 0.016
190.227250 0.016
191.605715 0.016
192.994169 0.016
194.392685 0.016
195.801334 0.016
197.220191 0.016
198.649330 0.016
200.088825 0.016
201.538751 0.015
202.999184 0.015
204.470200 0.015
205.951875 0.015
207.444287 0.015
208.947514 0.015
210.461634 0.015
211.986726 0.015
213.522869 0.015
215.070144 0.015
216.628631 0.015
218.198411 0.014
219.779567 0.014
221.372180 0.014
222.976334 0.014
224.592112 0.014
226.219600 0.014
227.858880 0.014
229.510039 0.014
231.173164 0.014
232.848340 0.014
234.535655 0.014
236.235197 0.014
237.947054 0.014
239.671317 0.014
241.408074 0.013
243.157416 0.013
244.919435 0.013
246.694223 0.013
248.481871 0.013
250.282473 0.013
252.096123 0.013
253.922915 0.013
255.762945 0.013
257.616309 0.013
259.483103 0.013
261.363424 0.013
263.257372 0.013
265.165043 0.013
267.086538 0.013
269.021957 0.013
270.971401 0.013
272.934972 0.012
274.912771 0.012
276.904902 0.012
278.911469 0.012
280.932577 0.012
282.968330 0.012
285.018835 0.012
287.084199 0.012
289.164530 0.012
291.259935 0.012
293.370525 0.012
295.496408 0.012
297.637697 0.012
299.794503 0.012
301.966937 0.012
304.155114 0.012
306.359147 0.012
308.579152 0.012
310.815244 0.012
313.067539 0.012
315.336156 0.012
317.621211 0.012
319.922826 0.012
322.241118 0.011
324.576210 0.011
326.928223 0.011
329.297280 0.011
331.683504 0.011
334.087019 0.011
336.507952 0.011
338.946427 0.011
341.402572 0.011
343.876516 0.011
346.368387 0.011
348.878315 0.011
351.406431 0.011
353.952867 0.011
356.517756 0.011
359.101230 0.011
361.703426 0.011
364.324478 0.011
366.964523 0.011
369.623699 0.011
372.302145 0.011
375.000000 0.011
377.717405 0.011
380.454501 0.011
383.211431 0.011
385.988339 0.011
388.785369 0.011
391.602668 0.011
394.440383 0.011
397.298660 0.011
400.177650 0.011
403.077502 0.011
405.998368 0.011
408.940400 0.011
411.903750 0.010
414.888575 0.010
417.895028 0.010
420.923268 0.010
423.973452 0.010
427.045738 0.010
430.140287 0.010
433.257261 0.010
436.396822 0.010
439.559133 0.010
442.744360 0.010
445.952668 0.010
449.184225 0.010
452.439199 0.010
455.717760 0.010
459.020079 0.010
462.346327 0.010
465.696680 0.010
469.071310 0.010
472.470394 0.010
475.894109 0.010
479.342634 0.010
482.816148 0.010
486.314833 0.010
489.838871 0.010
493.388445 0.010
496.963741 0.010
500.564945 0.010
504.192245 0.010
507.845830 0.010
511.525890 0.010
515.232618 0.010
518.966206 0.010
522.726849 0.010
526.514743 0.010
530.330086 0.010
534.173076 0.010
538.043915 0.010
541.942803 0.010
545.869944 0.010
549.825542 0.010
553.809805 0.010
557.822939 0.010
561.865154 0.010
565.936660 0.010
570.037671 0.010
574.168399 0.010
578.329060 0.010
582.519870 0.010
586.741049 0.010
590.992817 0.010
595.275394 0.010
599.589005 0.010
603.933874 0.010
608.310228 0.010
612.718295 0.010
617.158304 0.010
621.630488 0.010
626.135079 0.010
630.672311 0.010
635.242423 0.010
639.845651 0.010
644.482237 0.010
649.152421 0.010
653.856447 0.010
658.594560 0.010
663.367008 0.010
668.174039 0.010
673.015903 0.010
677.892854 0.009
682.805145 0.009
687.753032 0.009
692.736774 0.009
697.756631 0.009
702.812863 0.009
707.905735 0.009
713.035511 0.009
718.202461 0.009
723.406852 0.009
728.648956 0.009
733.929047 0.009
739.247399 0.009
744.604290 0.009
750.000000 0.009
755.434809 0.009
760.909001 0.009
766.422861 0.009
771.976677 0.009
777.570739 0.009
783.205337 0.009
788.880766 0.009
794.597321 0.009
800.355301 0.009
806.155005 0.009
811.996736 0.009
817.880799 0.009
823.807501 0.009
829.777150 0.009
835.790057 0.009
841.846536 0.009
847.946903 0.009
854.091476 0.009
860.280575 0.009
866.514523 0.009
872.793644 0.009
879.118267 0.009
885.488720 0.009
891.905336 0.009
898.368450 0.009
904.878398 0.009
911.435520 0.009
918.040157 0.009
924.692655 0.009
931.393359 0.009
938.142619 0.009
944.940787 0.009
951.788218 0.009
958.685268 0.009
965.632296 0.009
972.629666 0.009
979.677741 0.009
986.776890 0.009
993.927482 0.009
1001.129891 0.009
1008.384491 0.009
1015.691660 0.009
1023.051781 0.009
1030.465236 0.009
1037.932411 0.009
1045.453698 0.009
1053.029486 0.009
1060.660172 0.009
1068.346153 0.009
1076.087829 0.009
1083.885605 0.009
1091.739887 0.009
1099.651084 0.009
1107.619609 0.009
1115.645878 0.009
1123.730308 0.009
1131.873321 0.009
1140.075341 0.009
1148.336797 0.009
1156.658119 0.009
1165.039741 0.009
1173.482099 0.009
1181.985634 0.009
1190.550789 0.009
1199.178011 0.009
1207.867749 0.009
1216.620457 0.009
1225.436590 0.009
1234.316609 0.009
1243.260976 0.009
1252.270157 0.009
1261.344623 0.009
1270.484846 0.009
1279.691303 0.009
1288.964474 0.009
1298.304842 0.009
1307.712894 0.009
1317.189120 0.009
1326.734016 0.009
1336.348077 0.009
1346.031806 0.009
1355.785708 0.009
1365.610290 0.009
1375.506065 0.009
1385.473549 0.009
1395.513261 0.009
1405.625726 0.009
1415.811469 0.009
1426.071023 0.009
1436.404921 0.009
1446.813703 0.009
1457.297912 0.009
1467.858093 0.009
1478.494798 0.009
1489.208581 0.009
1500.000000 0.009
1510.869618 0.009
1521.818002 0.009
1532.845723 0.009
1543.953355 0.009
1555.141477 0.009
1566.410674 0.009
1577.761531 0.009
1589.194642 0.009
1600.710601 0.009
1612.310010 0.009
1623.993473 0.009
1635.761599 0.009
1647.615002 0.009
1659.554299 0.009
1671.580114 0.009
1683.693072 0.009
1695.893807 0.009
1708.182952 0.009
1720.561150 0.009
1733.029045 0.009
1745.587288 0.009
1758.236533 0.009
1770.977440 0.009
1783.810673 0.009
1796.736900 0.009
1809.756796 0.009
1822.871040 0.009
1836.080315 0.009
1849.385310 0.009
1862.786718 0.009
1876.285239 0.009
1889.881575 0.009
1903.576436 0.009
1917.370535 0.009
1931.264593 0.009
1945.259332 0.009
1959.355483 0.009
1973.553781 0.009
1987.854965 0.009
2002.259781 0.009
2016.768981 0.009
2031.383320 0.009
2046.103561 0.009
2060.930471 0.009
2075.864823 0.009
2090.907395 0.009
2106.058972 0.009
2121.320344 0.009
2136.692305 0.009
2152.175658 0.009
2167.771210 0.009
2183.479774 0.009
2199.302169 0.009
2215.239219 0.009
2231.291755 0.009
2247.460615 0.009
2263.746641 0.009
2280.150683 0.009
2296.673595 0.009
2313.316238 0.009
2330.079481 0.009
2346.964198 0.009
2363.971268 0.009
2381.101578 0.009
2398.356022 0.009
2415.735498 0.009
2433.240913 0.009
2450.873180 0.009
2468.633217 0.009
2486.521951 0.009
2504.540314 0.009
2522.689246 0.009
2540.969692 0.009
2559.382606 0.009
2577.928947 0.009
2596.609683 0.009
2615.425787 0.009
2634.378241 0.009
2653.468031 0.009
2672.696154 0.009
2692.063613 0.009
2711.571415 0.009
2731.220579 0.009
2751.012130 0.009
2770.947098 0.009
2791.026522 0.009
2811.251451 0.009
2831.622938 0.009
2852.142045 0.009
2872.809842 0.009
2893.627406 0.009
2914.595823 0.009
2935.716186 0.009
2956.989596 0.009
2978.417161 0.009
3000.000000 0.009
3021.739237 0.009
3043.636005 0.009
3065.691446 0.009
3087.906710 0.009
3110.282955 0.009
3132.821347 0.009
3155.523062 0.009
3178.389283 0.009
3201.421202 0.009
3224.620020 0.009
3247.986946 0.009
3271.523198 0.009
3295.230004 0.009
3319.108599 0.009
3343.160228 0.009
3367.386145 0.009
3391.787613 0.009
3416.365904 0.009
3441.122300 0.009
3466.058091 0.009
3491.174576 0.009
3516.473066 0.009
3541.954880 0.009
3567.621345 0.009
3593.473800 0.009
3619.513592 0.009
3645.742080 0.009
3672.160630 0.009
3698.770620 0.009
3725.573436 0.009
3752.570477 0.009
3779.763150 0.009
3807.152872 0.009
3834.741071 0.009
3862.529185 0.009
3890.518664 0.009
3918.710966 0.009
3947.107561 0.009
3975.709929 0.009
4004.519563 0.009
4033.537962 0.009
4062.766641 0.009
4092.207123 0.009
4121.860942 0.009
4151.729646 0.009
4181.814790 0.009
4212.117944 0.009
4242.640687 0.009
4273.384610 0.009
4304.351317 0.009
4335.542421 0.009
4366.959549 0.009
4398.604338 0.009
4430.478438 0.009
4462.583511 0.009
4494.921231 0.009
4527.493283 0.009
4560.301365 0.009
4593.347189 0.009
4626.632476 0.009
4660.158962 0.009
4693.928395 0.009
4727.942535 0.009
4762.203156 0.009
4796.712043 0.009
4831.470996 0.009
4866.481826 0.009
4901.746360 0.009
4937.266434 0.009
4973.043902 0.009
5009.080628 0.009
5045.378492 0.009
5081.939384 0.009
5118.765212 0.009
5155.857894 0.009
5193.219366 0.009
5230.851574 0.009
5268.756481 0.009
5306.936062 0.009
5345.392309 0.009
5384.127225 0.009
5423.142830 0.009
5462.441159 0.009
5502.024259 0.009
5541.894195 0.009
5582.053045 0.009
5622.502902 0.009
5663.245876 0.009
5704.284090 0.009
5745.619684 0.009
5787.254813 0.009
5829.191647 0.009
5871.432373 0.009
5913.979192 0.009
5956.834323 0.009
6000.000000 0.009
6043.478473 0.009
6087.272010 0.009
6131.382892 0.009
6175.813420 0.009
6220.565910 0.009
6265.642695 0.009
6311.046124 0.009
6356.778566 0.009
6402.842404 0.009
6449.240040 0.009
6495.973891 0.009
6543.046396 0.009
6590.460007 0.009
6638.217197 0.009
6686.320456 0.009
6734.772290 0.009
6783.575226 0.009
6832.731809 0.009
6882.244600 0.009
6932.116181 0.009
6982.349153 0.009
7032.946133 0.009
7083.909760 0.009
7135.242690 0.009
7186.947600 0.009
7239.027185 0.009
7291.484160 0.009
7344.321260 0.009
7397.541239 0.009
7451.146872 0.009
7505.140954 0.009
7559.526299 0.009
7614.305743 0.009
7669.482141 0.009
7725.058371 0.009
7781.037328 0.009
7837.421932 0.009
7894.215122 0.009
7951.419859 0.009
8009.039125 0.009
8067.075924 0.009
8125.533282 0.009
8184.414245 0.009
8243.721885 0.009
8303.459292 0.009
8363.629581 0.009
8424.235888 0.009
8485.281374 0.009
8546.769221 0.009
8608.702634 0.009
8671.084842 0.009
8733.919097 0.009
8797.208675 0.009
8860.956876 0.009
8925.167022 0.009
8989.842461 0.009
9054.986566 0.009
9120.602731 0.009
9186.694378 0.009
9253.264952 0.009
9320.317925 0.009
9387.856790 0.009
9455.885071 0.009
9524.406312 0.009
9593.424086 0.009
9662.941992 0.009
9732.963653 0.009
9803.492719 0.009
9874.532869 0.009
9946.087805 0.009
10018.161257 0.009
10090.756983 0.009
10163.878768 0.009
10237.530423 0.009
10311.715789 0.009
10386.438732 0.009
10461.703149 0.009
10537.512962 0.009
10613.872125 0.009
10690.784618 0.009
10768.254450 0.009
10846.285661 0.009
10924.882318 0.009
11004.048518 0.009
11083.788390 0.009
11164.106090 0.009
11245.005805 0.009
11326.491752 0.009
11408.568180 0.009
11491.239368 0.009
11574.509626 0.009
11658.383294 0.009
11742.864745 0.009
11827.958384 0.009
11913.668646 0.009
12000.000000 0.009
12086.956947 0.009
12174.544019 0.009
12262.765784 0.009
12351.626840 0.009
12441.131819 0.009
12531.285389 0.009
12622.092249 0.009
12713.557132 0.009
12805.684808 0.009
12898.480079 0.009
12991.947783 0.009
13086.092792 0.009
13180.920015 0.009
13276.434395 0.009
13372.640911 0.009
13469.544580 0.009
13567.150452 0.009
13665.463617 0.009
13764.489200 0.009
13864.232362 0.009
13964.698305 0.009
14065.892266 0.009
14167.819519 0.009
14270.485380 0.009
14373.895200 0.009
14478.054370 0.009
14582.968320 0.009
14688.642520 0.009
14795.082478 0.009
14902.293745 0.009
15010.281908 0.009
15119.052599 0.009
15228.611486 0.009
15338.964283 0.009
15450.116741 0.009
15562.074656 0.009
15674.843864 0.009
15788.430244 0.009
15902.839718 0.009
16018.078250 0.009
16134.151848 0.009
16251.066563 0.009
16368.828491 0.009
16487.443769 0.009
16606.918584 0.009
16727.259161 0.009
16848.471777 0.009
16970.562748 0.009
17093.538442 0.009
17217.405268 0.009
17342.169684 0.009
17467.838194 0.009
17594.417350 0.009
17721.913751 0.009
17850.334044 0.009
17979.684923 0.009
18109.973131 0.009
18241.205462 0.009
18373.388756 0.009
18506.529905 0.009
18640.635849 0.009
18775.713581 0.009
18911.770141 0.009
19048.812624 0.009
19186.848172 0.009
19325.883983 0.009
19465.927305 0.009
19606.985439 0.009
19749.065738 0.009
19892.175609 0.009
20036.322514 0.009
20181.513966 0.009
20327.757536 0.009
20475.060846 0.009
20623.431577 0.009
20772.877464 0.009
20923.406297 0.009
21075.025924 0.009
21227.744250 0.009
21381.569235 0.009
21536.508900 0.009
21692.571321 0.009
21849.764635 0.009
22008.097037 0.009
22167.576780 0.009
22328.212180 0.009
22490.011609 0.009
22652.983504 0.009
22817.136361 0.009
22982.478737 0.009
23149.019252 0.009
23316.766588 0.009
23485.729490 0.009
23655.916767 0.009
23827.337292 0.009
24000.000000 0.009
