1.000000 0.000
1.030000 0.000
1.060000 0.000
1.090000 0.000
1.120000 0.000
1.150000 0.000
1.180000 0.000
1.220000 0.000
1.250000 0.000
1.280000 0.000
1.320000 0.000
1.360000 0.000
1.400000 0.000
1.450000 0.000
1.500000 0.000
1.550000 -0.000
1.600000 -0.000
1.650000 -0.000
1.700000 -0.000
1.750000 -0.000
1.800000 -0.000
1.850000 -0.000
1.900000 -0.000
1.950000 -0.000
2.000000 -0.000
2.060000 -0.000
2.120000 -0.000
2.180000 -0.000
2.240000 -0.000
2.300000 -0.000
2.360000 -0.000
2.430000 -0.000
2.500000 -0.001
2.580000 -0.001
2.650000 -0.001
2.720000 -0.001
2.800000 -0.001
2.900000 -0.001
3.000000 -0.001
3.070000 -0.001
3.150000 -0.002
3.250000 -0.002
3.350000 -0.002
3.450000 -0.002
3.550000 -0.003
3.650000 -0.003
3.750000 -0.003
3.870000 -0.004
4.000000 -0.004
4.120000 -0.005
4.250000 -0.005
4.370000 -0.006
4.500000 -0.007
4.620000 -0.008
4.750000 -0.008
4.870000 -0.009
5.000000 -0.010
5.150000 -0.012
5.300000 -0.013
5.450000 -0.015
5.600000 -0.016
5.800000 -0.019
6.000000 -0.022
6.150000 -0.024
6.300000 -0.026
6.500000 -0.030
6.700000 -0.034
6.900000 -0.038
7.100000 -0.042
7.300000 -0.047
7.500000 -0.053
7.750000 -0.060
8.000000 -0.068
8.250000 -0.077
8.500000 -0.087
8.750000 -0.097
9.000000 -0.109
9.250000 -0.121
9.500000 -0.135
9.750000 -0.149
10.000000 -0.165
10.300000 -0.185
10.600000 -0.207
10.900000 -0.231
11.200000 -0.256
11.500000 -0.284
11.800000 -0.314
12.200000 -0.357
12.500000 -0.391
12.800000 -0.428
13.200000 -0.481
13.600000 -0.539
14.000000 -0.601
14.500000 -0.684
15.000000 -0.775
15.500000 -0.873
16.000000 -0.979
16.500000 -1.092
17.000000 -1.212
17.500000 -1.340
18.000000 -1.475
18.500000 -1.616
19.000000 -1.765
19.500000 -1.920
20.000000 -2.081
20.600000 -2.283
21.200001 -2.492
21.799999 -2.708
22.400000 -2.932
23.000000 -3.161
23.600000 -3.395
24.299999 -3.674
25.000000 -3.958
25.799999 -4.288
26.500000 -4.580
27.200001 -4.875
28.000000 -5.213
29.000000 -5.637
30.000000 -6.060
30.700001 -6.355
31.500000 -6.690
32.500000 -7.105
33.500000 -7.514
34.500000 -7.918
35.500000 -8.314
36.500000 -8.703
37.500000 -9.084
38.700001 -9.530
40.000000 -10.000
41.200001 -10.420
42.500000 -10.860
43.700001 -11.253
45.000000 -11.664
46.200001 -12.029
47.500000 -12.410
48.700001 -12.749
50.000000 -13.102
51.500000 -13.490
53.000000 -13.860
54.500000 -14.211
56.000000 -14.544
58.000000 -14.962
60.000000 -15.349
61.500000 -15.621
63.000000 -15.878
65.000000 -16.198
67.000000 -16.493
69.000000 -16.765
71.000000 -17.016
73.000000 -17.247
75.000000 -17.459
77.500000 -17.700
80.000000 -17.917
82.500000 -18.111
85.000000 -18.286
87.500000 -18.443
90.000000 -18.583
92.500000 -18.710
95.000000 -18.823
97.500000 -18.925
100.000000 -19.017
103.000000 -19.115
106.000000 -19.202
109.000000 -19.278
112.000000 -19.346
115.000000 -19.406
118.000000 -19.459
122.000000 -19.521
125.000000 -19.561
128.000000 -19.597
132.000000 -19.639
136.000000 -19.675
140.000000 -19.706
145.000000 -19.739
150.000000 -19.766
155.000000 -19.789
160.000000 -19.807
165.000000 -19.822
170.000000 -19.835
175.000000 -19.844
180.000000 -19.852
185.000000 -19.857
190.000000 -19.861
195.000000 -19.863
200.000000 -19.864
206.000000 -19.863
212.000000 -19.860
218.000000 -19.856
224.000000 -19.850
230.000000 -19.843
236.000000 -19.834
243.000000 -19.822
250.000000 -19.808
258.000000 -19.790
265.000000 -19.772
272.000000 -19.752
280.000000 -19.727
290.000000 -19.692
300.000000 -19.653
307.000000 -19.624
315.000000 -19.587
325.000000 -19.538
335.000000 -19.484
345.000000 -19.426
355.000000 -19.363
365.000000 -19.295
375.000000 -19.223
387.000000 -19.130
400.000000 -19.021
412.000000 -18.914
425.000000 -18.789
437.000000 -18.668
450.000000 -18.528
462.000000 -18.393
475.000000 -18.239
487.000000 -18.091
500.000000 -17.924
515.000000 -17.723
530.000000 -17.514
545.000000 -17.298
560.000000 -17.075
580.000000 -16.769
600.000000 -16.454
615.000000 -16.213
630.000000 -15.968
650.000000 -15.637
670.000000 -15.302
690.000000 -14.964
710.000000 -14.626
730.000000 -14.286
750.000000 -13.948
775.000000 -13.526
800.000000 -13.109
825.000000 -12.695
850.000000 -12.288
875.000000 -11.887
900.000000 -11.494
925.000000 -11.108
950.000000 -10.730
975.000000 -10.361
1000.000000 -10.000
1030.000000 -9.579
1060.000000 -9.170
1090.000000 -8.775
1120.000000 -8.393
1150.000000 -8.024
1180.000000 -7.668
1220.000000 -7.213
1250.000000 -6.887
1280.000000 -6.573
1320.000000 -6.174
1360.000000 -5.796
1400.000000 -5.438
1450.000000 -5.019
1500.000000 -4.630
1550.000000 -4.269
1600.000000 -3.935
1650.000000 -3.627
1700.000000 -3.342
1750.000000 -3.080
1800.000000 -2.838
1850.000000 -2.616
1900.000000 -2.412
1950.000000 -2.225
2000.000000 -2.053
2060.000000 -1.866
2120.000000 -1.697
2180.000000 -1.545
2240.000000 -1.407
2300.000000 -1.284
2360.000000 -1.172
2430.000000 -1.056
2500.000000 -0.953
2580.000000 -0.849
2650.000000 -0.768
2720.000000 -0.697
2800.000000 -0.624
2900.000000 -0.546
3000.000000 -0.479
3070.000000 -0.438
3150.000000 -0.396
3250.000000 -0.350
3350.000000 -0.310
3450.000000 -0.276
3550.000000 -0.246
3650.000000 -0.220
3750.000000 -0.197
3870.000000 -0.173
4000.000000 -0.151
4120.000000 -0.134
4250.000000 -0.118
4370.000000 -0.105
4500.000000 -0.093
4620.000000 -0.083
4750.000000 -0.074
4870.000000 -0.066
5000.000000 -0.059
5150.000000 -0.052
5300.000000 -0.046
5450.000000 -0.041
5600.000000 -0.036
5800.000000 -0.031
6000.000000 -0.027
6150.000000 -0.024
6300.000000 -0.022
6500.000000 -0.019
6700.000000 -0.016
6900.000000 -0.014
7100.000000 -0.012
7300.000000 -0.011
7500.000000 -0.010
7750.000000 -0.008
8000.000000 -0.007
8250.000000 -0.006
8500.000000 -0.005
8750.000000 -0.004
9000.000000 -0.004
9250.000000 -0.003
9500.000000 -0.003
9750.000000 -0.003
10000.000000 -0.002
10300.000000 -0.002
10600.000000 -0.002
10900.000000 -0.001
11200.000000 -0.001
11500.000000 -0.001
11800.000000 -0.001
12200.000000 -0.001
12500.000000 -0.001
12800.000000 -0.000
13200.000000 -0.000
13600.000000 -0.000
14000.000000 -0.000
14500.000000 -0.000
15000.000000 -0.000
15500.000000 -0.000
16000.000000 0.000
16500.000000 0.000
17000.000000 0.000
17500.000000 0.000
18000.000000 0.000
18500.000000 0.000
19000.000000 0.000
19500.000000 0.000
20000.000000 0.000
20600.000000 0.000
21200.000000 0.000
21800.000000 0.000
22400.000000 0.000
23000.000000 0.000
23600.000000 0.000
