2.240000 -0.159
2.300000 -0.159
2.360000 -0.159
2.430000 -0.158
2.500000 -0.158
2.580000 -0.158
2.650000 -0.158
2.720000 -0.158
2.800000 -0.157
2.900000 -0.157
3.000000 -0.157
3.070000 -0.157
3.150000 -0.157
3.250000 -0.157
3.350000 -0.156
3.450000 -0.157
3.550000 -0.157
3.650000 -0.157
3.750000 -0.157
3.870000 -0.157
4.000000 -0.158
4.120000 -0.158
4.250000 -0.159
4.370000 -0.160
4.500000 -0.160
4.620000 -0.161
4.750000 -0.161
4.870000 -0.162
5.000000 -0.163
5.150000 -0.163
5.300000 -0.164
5.450000 -0.165
5.600000 -0.165
5.800000 -0.166
6.000000 -0.167
6.150000 -0.167
6.300000 -0.167
6.500000 -0.168
6.700000 -0.168
6.900000 -0.167
7.100000 -0.167
7.300000 -0.166
7.500000 -0.165
7.750000 -0.164
8.000000 -0.163
8.250000 -0.162
8.500000 -0.161
8.750000 -0.160
9.000000 -0.159
9.250000 -0.158
9.500000 -0.157
9.750000 -0.157
10.000000 -0.157
10.300000 -0.158
10.600000 -0.159
10.900000 -0.160
11.200000 -0.162
11.500000 -0.164
11.800000 -0.165
12.200000 -0.167
12.500000 -0.169
12.800000 -0.170
13.200000 -0.172
13.600000 -0.174
14.000000 -0.177
14.500000 -0.184
15.000000 -0.196
15.500000 -0.218
16.000000 -0.253
16.500000 -0.307
17.000000 -0.384
17.500000 -0.493
18.000000 -0.641
18.500000 -0.837
19.000000 -1.091
19.500000 -1.412
20.000000 -1.812
20.600000 -2.404
21.200001 -3.130
21.799999 -3.996
22.400000 -5.000
23.000000 -6.135
23.600000 -7.390
24.299999 -8.980
25.000000 -10.674
25.799999 -12.673
26.500000 -14.406
27.200001 -16.036
28.000000 -17.658
29.000000 -19.172
30.000000 -20.094
30.700001 -20.464
31.500000 -20.711
32.500000 -20.874
33.500000 -20.962
34.500000 -21.019
35.500000 -21.059
36.500000 -21.083
37.500000 -21.095
38.700001 -21.093
40.000000 -21.083
41.200001 -21.072
42.500000 -21.067
43.700001 -21.069
45.000000 -21.075
46.200001 -21.080
47.500000 -21.083
48.700001 -21.082
50.000000 -21.078
51.500000 -21.074
53.000000 -21.073
54.500000 -21.073
56.000000 -21.075
58.000000 -21.076
60.000000 -21.073
61.500000 -21.071
63.000000 -21.070
65.000000 -21.069
67.000000 -21.069
69.000000 -21.067
71.000000 -21.065
73.000000 -21.063
75.000000 -21.061
77.500000 -21.058
80.000000 -21.055
82.500000 -21.051
85.000000 -21.047
87.500000 -21.043
90.000000 -21.038
92.500000 -21.033
95.000000 -21.027
97.500000 -21.022
100.000000 -21.015
103.000000 -21.006
106.000000 -20.997
109.000000 -20.987
112.000000 -20.976
115.000000 -20.964
118.000000 -20.951
122.000000 -20.932
125.000000 -20.917
128.000000 -20.900
132.000000 -20.877
136.000000 -20.851
140.000000 -20.822
145.000000 -20.784
150.000000 -20.741
155.000000 -20.695
160.000000 -20.644
165.000000 -20.589
170.000000 -20.529
175.000000 -20.465
180.000000 -20.396
185.000000 -20.322
190.000000 -20.244
195.000000 -20.160
200.000000 -20.072
206.000000 -19.959
212.000000 -19.839
218.000000 -19.712
224.000000 -19.579
230.000000 -19.438
236.000000 -19.292
243.000000 -19.113
250.000000 -18.926
258.000000 -18.704
265.000000 -18.501
272.000000 -18.293
280.000000 -18.048
290.000000 -17.732
300.000000 -17.408
307.000000 -17.177
315.000000 -16.910
325.000000 -16.571
335.000000 -16.230
345.000000 -15.886
355.000000 -15.542
365.000000 -15.198
375.000000 -14.855
387.000000 -14.446
400.000000 -14.008
412.000000 -13.609
425.000000 -13.184
437.000000 -12.799
450.000000 -12.389
462.000000 -12.019
475.000000 -11.628
487.000000 -11.275
500.000000 -10.903
515.000000 -10.486
530.000000 -10.082
545.000000 -9.693
560.000000 -9.317
580.000000 -8.836
600.000000 -8.379
615.000000 -8.052
630.000000 -7.738
650.000000 -7.338
670.000000 -6.960
690.000000 -6.602
710.000000 -6.265
730.000000 -5.947
750.000000 -5.648
775.000000 -5.299
800.000000 -4.976
825.000000 -4.677
850.000000 -4.401
875.000000 -4.147
900.000000 -3.913
925.000000 -3.697
950.000000 -3.498
975.000000 -3.315
1000.000000 -3.147
1030.000000 -2.964
1060.000000 -2.798
1090.000000 -2.647
1120.000000 -2.512
1150.000000 -2.389
1180.000000 -2.278
1220.000000 -2.146
1250.000000 -2.058
1280.000000 -1.978
1320.000000 -1.883
1360.000000 -1.799
1400.000000 -1.726
1450.000000 -1.646
1500.000000 -1.577
1550.000000 -1.518
1600.000000 -1.467
1650.000000 -1.423
1700.000000 -1.385
1750.000000 -1.352
1800.000000 -1.323
1850.000000 -1.297
1900.000000 -1.275
1950.000000 -1.255
2000.000000 -1.238
2060.000000 -1.220
2120.000000 -1.204
2180.000000 -1.190
2240.000000 -1.178
2300.000000 -1.168
2360.000000 -1.159
2430.000000 -1.150
2500.000000 -1.142
2580.000000 -1.134
2650.000000 -1.128
2720.000000 -1.123
2800.000000 -1.117
2900.000000 -1.112
3000.000000 -1.107
3070.000000 -1.105
3150.000000 -1.102
3250.000000 -1.099
3350.000000 -1.096
3450.000000 -1.094
3550.000000 -1.092
3650.000000 -1.091
3750.000000 -1.089
3870.000000 -1.088
4000.000000 -1.087
4120.000000 -1.086
4250.000000 -1.085
4370.000000 -1.084
4500.000000 -1.083
4620.000000 -1.083
4750.000000 -1.082
4870.000000 -1.082
5000.000000 -1.081
5150.000000 -1.081
5300.000000 -1.081
5450.000000 -1.081
5600.000000 -1.080
5800.000000 -1.080
6000.000000 -1.080
6150.000000 -1.080
6300.000000 -1.080
6500.000000 -1.080
6700.000000 -1.080
6900.000000 -1.079
7100.000000 -1.079
7300.000000 -1.079
7500.000000 -1.079
7750.000000 -1.079
8000.000000 -1.079
8250.000000 -1.079
8500.000000 -1.079
8750.000000 -1.079
9000.000000 -1.079
9250.000000 -1.079
9500.000000 -1.079
9750.000000 -1.079
10000.000000 -1.079
10300.000000 -1.079
10600.000000 -1.079
10900.000000 -1.079
11200.000000 -1.079
11500.000000 -1.079
11800.000000 -1.079
12200.000000 -1.079
12500.000000 -1.079
12800.000000 -1.079
13200.000000 -1.079
13600.000000 -1.079
14000.000000 -1.079
14500.000000 -1.079
15000.000000 -1.079
15500.000000 -1.079
16000.000000 -1.079
16500.000000 -1.079
17000.000000 -1.079
17500.000000 -1.079
18000.000000 -1.079
18500.000000 -1.079
19000.000000 -1.079
19500.000000 -1.079
20000.000000 -1.079
20600.000000 -1.079
21200.000000 -1.079
21800.000000 -1.079
22400.000000 -1.079
23000.000000 -1.079
23600.000000 -1.079
