0.732422 10.316
0.737729 10.315
0.743075 10.315
0.748460 10.314
0.753883 10.314
0.759346 10.313
0.764849 10.313
0.770391 10.312
0.775974 10.312
0.781597 10.311
0.787261 10.311
0.792966 10.310
0.798712 10.310
0.804500 10.309
0.810329 10.309
0.816201 10.308
0.822116 10.308
0.828073 10.307
0.834074 10.307
0.840118 10.306
0.846206 10.306
0.852338 10.305
0.858514 10.305
0.864735 10.304
0.871001 10.304
0.877313 10.303
0.883670 10.302
0.890074 10.302
0.896524 10.301
0.903020 10.301
0.909564 10.300
0.916155 10.300
0.922794 10.299
0.929481 10.298
0.936216 10.298
0.943000 10.297
0.949834 10.297
0.956717 10.296
0.963649 10.295
0.970632 10.295
0.977666 10.294
0.984750 10.294
0.991886 10.293
0.999074 10.292
1.006314 10.292
1.013606 10.291
1.020951 10.290
1.028349 10.290
1.035801 10.289
1.043307 10.288
1.050867 10.288
1.058482 10.287
1.066152 10.286
1.073878 10.286
1.081660 10.285
1.089498 10.284
1.097393 10.284
1.105345 10.283
1.113355 10.282
1.121423 10.281
1.129549 10.280
1.137734 10.279
1.145979 10.278
1.154283 10.277
1.162647 10.276
1.171072 10.275
1.179558 10.274
1.188106 10.273
1.196715 10.272
1.205387 10.271
1.214122 10.270
1.222920 10.269
1.231782 10.268
1.240708 10.267
1.249699 10.266
1.258754 10.265
1.267876 10.263
1.277063 10.262
1.286318 10.261
1.295639 10.260
1.305027 10.259
1.314484 10.257
1.324009 10.256
1.333604 10.255
1.343268 10.253
1.353002 10.252
1.362806 10.251
1.372681 10.249
1.382628 10.248
1.392647 10.246
1.402739 10.245
1.412904 10.243
1.423142 10.242
1.433455 10.240
1.443843 10.239
1.454305 10.237
1.464844 10.235
1.475459 10.234
1.486150 10.232
1.496920 10.230
1.507767 10.229
1.518693 10.227
1.529698 10.225
1.540783 10.223
1.551948 10.221
1.563194 10.220
1.574521 10.218
1.585931 10.216
1.597423 10.214
1.608999 10.212
1.620658 10.210
1.632402 10.208
1.644232 10.206
1.656146 10.203
1.668147 10.201
1.680235 10.199
1.692411 10.197
1.704675 10.194
1.717028 10.192
1.729470 10.190
1.742003 10.187
1.754626 10.185
1.767341 10.183
1.780147 10.180
1.793047 10.177
1.806040 10.175
1.819128 10.172
1.832310 10.170
1.845587 10.167
1.858961 10.164
1.872432 10.161
1.886001 10.158
1.899667 10.155
1.913433 10.152
1.927299 10.149
1.941265 10.146
1.955332 10.143
1.969501 10.140
1.983773 10.137
1.998148 10.134
2.012627 10.130
2.027212 10.127
2.041902 10.124
2.056698 10.120
2.071602 10.117
2.086614 10.113
2.101734 10.109
2.116964 10.106
2.132304 10.102
2.147756 10.098
2.163320 10.094
2.178996 10.090
2.194786 10.086
2.210690 10.082
2.226710 10.078
2.242845 10.074
2.259098 10.070
2.275468 10.066
2.291957 10.061
2.308566 10.057
2.325295 10.052
2.342145 10.048
2.359117 10.043
2.376212 10.038
2.393431 10.033
2.410775 10.029
2.428244 10.024
2.445840 10.019
2.463564 10.014
2.481416 10.008
2.499397 10.003
2.517509 9.998
2.535752 9.992
2.554127 9.987
2.572635 9.981
2.591277 9.976
2.610055 9.970
2.628968 9.964
2.648019 9.958
2.667208 9.952
2.686535 9.946
2.706003 9.940
2.725612 9.934
2.745363 9.927
2.765257 9.921
2.785295 9.914
2.805478 9.908
2.825808 9.901
2.846285 9.894
2.866910 9.887
2.887685 9.880
2.908611 9.873
2.929688 9.866
2.950917 9.859
2.972301 9.851
2.993839 9.844
3.015534 9.836
3.037386 9.829
3.059396 9.821
3.081565 9.813
3.103896 9.805
3.126388 9.797
3.149043 9.788
3.171862 9.780
3.194847 9.771
3.217998 9.763
3.241317 9.754
3.264805 9.745
3.288463 9.736
3.312293 9.727
3.336295 9.718
3.360471 9.709
3.384822 9.699
3.409350 9.690
3.434056 9.680
3.458940 9.670
3.484005 9.660
3.509252 9.650
3.534681 9.640
3.560295 9.630
3.586094 9.619
3.612081 9.609
3.638255 9.598
3.664620 9.587
3.691175 9.576
3.717923 9.565
3.744864 9.554
3.772001 9.542
3.799335 9.531
3.826866 9.519
3.854597 9.507
3.882529 9.495
3.910664 9.483
3.939002 9.471
3.967546 9.458
3.996296 9.446
4.025255 9.433
4.054423 9.420
4.083804 9.407
4.113396 9.393
4.143204 9.380
4.173227 9.366
4.203468 9.352
4.233928 9.338
4.264609 9.324
4.295512 9.310
4.326639 9.295
4.357992 9.280
4.389572 9.265
4.421380 9.250
4.453419 9.235
4.485691 9.219
4.518196 9.204
4.550936 9.188
4.583914 9.171
4.617131 9.155
4.650589 9.138
4.684289 9.122
4.718233 9.104
4.752424 9.087
4.786862 9.070
4.821549 9.052
4.856488 9.034
4.891680 9.016
4.927127 8.997
4.962831 8.978
4.998794 8.959
5.035017 8.940
5.071503 8.921
5.108253 8.901
5.145270 8.881
5.182555 8.861
5.220110 8.840
5.257937 8.819
5.296038 8.798
5.334415 8.776
5.373071 8.755
5.412006 8.733
5.451224 8.710
5.490725 8.688
5.530514 8.665
5.570590 8.642
5.610957 8.618
5.651616 8.594
5.692570 8.570
5.733821 8.546
5.775370 8.521
5.817221 8.496
5.859375 8.471
5.901834 8.445
5.944602 8.419
5.987679 8.393
6.031068 8.366
6.074771 8.339
6.118792 8.312
6.163131 8.284
6.207792 8.256
6.252776 8.228
6.298086 8.199
6.343725 8.170
6.389694 8.141
6.435996 8.111
6.482634 8.081
6.529610 8.051
6.576926 8.021
6.624585 7.990
6.672590 7.958
6.720942 7.927
6.769645 7.895
6.818700 7.862
6.868111 7.829
6.917881 7.796
6.968010 7.763
7.018504 7.729
7.069362 7.695
7.120590 7.661
7.172189 7.626
7.224161 7.591
7.276511 7.555
7.329239 7.519
7.382350 7.483
7.435845 7.446
7.489729 7.409
7.544002 7.372
7.598669 7.334
7.653732 7.296
7.709194 7.257
7.765058 7.218
7.821327 7.178
7.878004 7.139
7.935091 7.098
7.992592 7.058
8.050510 7.016
8.108847 6.975
8.167607 6.933
8.226793 6.891
8.286408 6.848
8.346454 6.805
8.406936 6.761
8.467856 6.717
8.529218 6.672
8.591024 6.627
8.653278 6.582
8.715983 6.536
8.779143 6.490
8.842760 6.443
8.906839 6.396
8.971381 6.349
9.036392 6.301
9.101873 6.253
9.167829 6.204
9.234263 6.155
9.301178 6.106
9.368578 6.056
9.436467 6.006
9.504847 5.956
9.573723 5.905
9.643099 5.854
9.712976 5.803
9.783361 5.751
9.854255 5.699
9.925663 5.647
9.997588 5.595
10.070035 5.542
10.143007 5.489
10.216507 5.436
10.290540 5.382
10.365109 5.328
10.440219 5.275
10.515873 5.220
10.592076 5.166
10.668830 5.111
10.746141 5.056
10.824012 5.001
10.902447 4.946
10.981451 4.891
11.061027 4.835
11.141180 4.779
11.221913 4.723
11.303232 4.667
11.385140 4.610
11.467641 4.554
11.550741 4.497
11.634442 4.440
11.718750 4.383
11.803669 4.326
11.889203 4.269
11.975357 4.212
12.062136 4.155
12.149543 4.098
12.237583 4.041
12.326262 3.985
12.415583 3.928
12.505552 3.871
12.596172 3.815
12.687449 3.759
12.779387 3.703
12.871992 3.647
12.965268 3.592
13.059220 3.537
13.153852 3.482
13.249170 3.428
13.345179 3.373
13.441884 3.320
13.539289 3.266
13.637401 3.213
13.736223 3.160
13.835761 3.108
13.936021 3.056
14.037007 3.004
14.138725 2.952
14.241180 2.901
14.344377 2.851
14.448323 2.801
14.553021 2.751
14.658478 2.702
14.764700 2.653
14.871691 2.604
14.979457 2.556
15.088005 2.509
15.197339 2.463
15.307465 2.416
15.418389 2.371
15.530117 2.326
15.642655 2.282
15.756008 2.239
15.870182 2.196
15.985184 2.154
16.101019 2.113
16.217694 2.072
16.335214 2.032
16.453586 1.993
16.572815 1.955
16.692909 1.917
16.813872 1.879
16.935713 1.842
17.058436 1.806
17.182048 1.770
17.306556 1.734
17.431967 1.700
17.558286 1.665
17.685521 1.631
17.813677 1.598
17.942762 1.565
18.072783 1.533
18.203746 1.502
18.335658 1.471
18.468526 1.441
18.602356 1.411
18.737156 1.382
18.872934 1.354
19.009695 1.326
19.147447 1.299
19.286197 1.272
19.425953 1.246
19.566721 1.220
19.708510 1.195
19.851326 1.170
19.995177 1.145
20.140070 1.121
20.286013 1.096
20.433014 1.073
20.581080 1.049
20.730219 1.026
20.880439 1.003
21.031747 0.981
21.184152 0.959
21.337661 0.937
21.492282 0.916
21.648024 0.896
21.804895 0.876
21.962902 0.856
22.122054 0.837
22.282360 0.818
22.443827 0.800
22.606464 0.782
22.770280 0.763
22.935283 0.746
23.101481 0.728
23.268884 0.710
23.437500 0.693
23.607338 0.676
23.778406 0.659
23.950714 0.643
24.124271 0.627
24.299086 0.611
24.475167 0.596
24.652524 0.581
24.831166 0.567
25.011103 0.553
25.192344 0.540
25.374898 0.527
25.558775 0.514
25.743984 0.501
25.930536 0.488
26.118439 0.475
26.307704 0.463
26.498341 0.451
26.690359 0.439
26.883768 0.427
27.078579 0.416
27.274801 0.405
27.472446 0.395
27.671522 0.385
27.872042 0.376
28.074014 0.366
28.277450 0.357
28.482360 0.349
28.688755 0.340
28.896645 0.331
29.106042 0.323
29.316957 0.314
29.529400 0.306
29.743382 0.298
29.958915 0.290
30.176009 0.283
30.394677 0.276
30.614929 0.269
30.836778 0.263
31.060234 0.257
31.285309 0.251
31.512015 0.245
31.740364 0.239
31.970368 0.233
32.202039 0.227
32.435388 0.221
32.670428 0.216
32.907171 0.210
33.145630 0.205
33.385817 0.200
33.627745 0.196
33.871425 0.191
34.116871 0.187
34.364096 0.183
34.613113 0.178
34.863934 0.174
35.116572 0.169
35.371041 0.165
35.627354 0.160
35.885525 0.156
36.145566 0.152
36.407492 0.149
36.671316 0.145
36.937051 0.142
37.204712 0.139
37.474313 0.136
37.745867 0.132
38.019389 0.129
38.294893 0.125
38.572394 0.122
38.851905 0.118
39.133442 0.115
39.417019 0.113
39.702651 0.110
39.990353 0.108
40.280140 0.105
40.572026 0.103
40.866028 0.100
41.162160 0.097
41.460438 0.095
41.760877 0.092
42.063494 0.090
42.368303 0.088
42.675322 0.086
42.984565 0.084
43.296048 0.083
43.609789 0.081
43.925804 0.078
44.244108 0.076
44.564719 0.074
44.887654 0.073
45.212928 0.071
45.540560 0.070
45.870565 0.068
46.202962 0.067
46.537768 0.065
46.875000 0.064
47.214676 0.062
47.556813 0.060
47.901429 0.059
48.248542 0.058
48.598171 0.057
48.950334 0.056
49.305048 0.055
49.662333 0.053
50.022206 0.052
50.384688 0.050
50.749796 0.049
51.117550 0.048
51.487969 0.047
51.861072 0.047
52.236879 0.046
52.615409 0.044
52.996681 0.043
53.380717 0.042
53.767536 0.041
54.157158 0.041
54.549603 0.040
54.944892 0.039
55.343045 0.038
55.744084 0.037
56.148028 0.036
56.554900 0.036
56.964720 0.035
57.377510 0.034
57.793291 0.034
58.212085 0.033
58.633914 0.032
59.058799 0.032
59.486764 0.031
59.917829 0.030
60.352019 0.030
60.789354 0.030
61.229859 0.029
61.673556 0.028
62.120468 0.027
62.570618 0.027
63.024031 0.027
63.480729 0.026
63.940736 0.026
64.404077 0.025
64.870776 0.025
65.340856 0.024
65.814343 0.024
66.291261 0.024
66.771635 0.023
67.255489 0.023
67.742850 0.022
68.233743 0.022
68.728193 0.021
69.226226 0.021
69.727867 0.021
70.233144 0.020
70.742083 0.020
71.254709 0.020
71.771050 0.019
72.291132 0.019
72.814984 0.019
73.342631 0.019
73.874102 0.018
74.409424 0.018
74.948626 0.018
75.491734 0.018
76.038779 0.017
76.589787 0.017
77.144788 0.017
77.703811 0.016
78.266885 0.016
78.834039 0.016
79.405303 0.016
79.980706 0.015
80.560280 0.015
81.144053 0.015
81.732056 0.015
82.324320 0.015
82.920876 0.014
83.521755 0.014
84.126988 0.014
84.736607 0.014
85.350643 0.014
85.969129 0.013
86.592097 0.013
87.219579 0.013
87.851608 0.013
88.488217 0.013
89.129439 0.013
89.775308 0.013
90.425856 0.013
91.081119 0.012
91.741131 0.012
92.405925 0.012
93.075536 0.012
93.750000 0.012
94.429351 0.012
95.113625 0.012
95.802858 0.011
96.497085 0.011
97.196342 0.011
97.900667 0.011
98.610096 0.011
99.324665 0.011
100.044413 0.011
100.769376 0.011
101.499592 0.011
102.235100 0.011
102.975938 0.010
103.722144 0.010
104.473757 0.010
105.230817 0.010
105.993363 0.010
106.761435 0.010
107.535072 0.010
108.314315 0.010
109.099206 0.010
109.889783 0.010
110.686090 0.010
111.488167 0.009
112.296056 0.009
113.109800 0.009
113.929440 0.009
114.755020 0.009
115.586582 0.009
116.424170 0.009
117.267827 0.009
118.117598 0.009
118.973527 0.009
119.835658 0.009
120.704037 0.009
121.578708 0.009
122.459718 0.009
123.347111 0.009
124.240935 0.009
125.141236 0.009
126.048061 0.008
126.961458 0.008
127.881473 0.008
128.808154 0.008
129.741551 0.008
130.681712 0.008
131.628686 0.008
132.582521 0.008
133.543269 0.008
134.510979 0.008
135.485701 0.008
136.467486 0.008
137.456386 0.008
138.452451 0.008
139.455735 0.008
140.466288 0.008
141.484165 0.008
142.509418 0.008
143.542100 0.008
144.582265 0.008
145.629968 0.008
146.685262 0.008
147.748204 0.008
148.818849 0.008
149.897251 0.008
150.983469 0.008
152.077557 0.007
153.179574 0.007
154.289576 0.007
155.407622 0.007
156.533770 0.007
157.668078 0.007
158.810606 0.007
159.961413 0.007
161.120559 0.007
162.288105 0.007
163.464112 0.007
164.648640 0.007
165.841752 0.007
167.043510 0.007
168.253976 0.007
169.473213 0.007
170.701286 0.007
171.938258 0.007
173.184194 0.007
174.439158 0.007
175.703216 0.007
176.976434 0.007
178.258878 0.007
179.550615 0.007
180.851713 0.007
182.162239 0.007
183.482262 0.007
184.811850 0.007
186.151073 0.007
187.500000 0.007
188.858702 0.007
190.227250 0.007
191.605715 0.007
192.994169 0.007
194.392685 0.007
195.801334 0.007
197.220191 0.007
198.649330 0.007
200.088825 0.007
201.538751 0.007
202.999184 0.007
204.470200 0.007
205.951875 0.007
207.444287 0.007
208.947514 0.007
210.461634 0.007
211.986726 0.007
213.522869 0.007
215.070144 0.007
216.628631 0.007
218.198411 0.007
219.779567 0.007
221.372180 0.007
222.976334 0.007
224.592112 0.007
226.219600 0.007
227.858880 0.007
229.510039 0.007
231.173164 0.006
232.848340 0.006
234.535655 0.006
236.235197 0.006
237.947054 0.006
239.671317 0.006
241.408074 0.006
243.157416 0.006
244.919435 0.006
246.694223 0.006
248.481871 0.006
250.282473 0.006
252.096123 0.006
253.922915 0.006
255.762945 0.006
257.616309 0.006
259.483103 0.006
261.363424 0.006
263.257372 0.006
265.165043 0.006
267.086538 0.006
269.021957 0.006
270.971401 0.006
272.934972 0.006
274.912771 0.006
276.904902 0.006
278.911469 0.006
280.932577 0.006
282.968330 0.006
285.018835 0.006
287.084199 0.006
289.164530 0.006
291.259935 0.006
293.370525 0.006
295.496408 0.006
297.637697 0.006
299.794503 0.006
301.966937 0.006
304.155114 0.006
306.359147 0.006
308.579152 0.006
310.815244 0.006
313.067539 0.006
315.336156 0.006
317.621211 0.006
319.922826 0.006
322.241118 0.006
324.576210 0.006
326.928223 0.006
329.297280 0.006
331.683504 0.006
334.087019 0.006
336.507952 0.006
338.946427 0.006
341.402572 0.006
343.876516 0.006
346.368387 0.006
348.878315 0.006
351.406431 0.006
353.952867 0.006
356.517756 0.006
359.101230 0.006
361.703426 0.006
364.324478 0.006
366.964523 0.006
369.623699 0.006
372.302145 0.006
375.000000 0.006
377.717405 0.006
380.454501 0.006
383.211431 0.006
385.988339 0.006
388.785369 0.006
391.602668 0.006
394.440383 0.006
397.298660 0.006
400.177650 0.006
403.077502 0.006
405.998368 0.006
408.940400 0.006
411.903750 0.006
414.888575 0.006
417.895028 0.006
420.923268 0.006
423.973452 0.006
427.045738 0.006
430.140287 0.006
433.257261 0.006
436.396822 0.006
439.559133 0.006
442.744360 0.006
445.952668 0.006
449.184225 0.006
452.439199 0.006
455.717760 0.006
459.020079 0.006
462.346327 0.006
465.696680 0.006
469.071310 0.006
472.470394 0.006
475.894109 0.006
479.342634 0.006
482.816148 0.006
486.314833 0.006
489.838871 0.006
493.388445 0.006
496.963741 0.006
500.564945 0.006
504.192245 0.006
507.845830 0.006
511.525890 0.006
515.232618 0.006
518.966206 0.006
522.726849 0.006
526.514743 0.006
530.330086 0.006
534.173076 0.006
538.043915 0.006
541.942803 0.006
545.869944 0.006
549.825542 0.006
553.809805 0.006
557.822939 0.006
561.865154 0.006
565.936660 0.006
570.037671 0.006
574.168399 0.006
578.329060 0.006
582.519870 0.006
586.741049 0.006
590.992817 0.006
595.275394 0.006
599.589005 0.006
603.933874 0.006
608.310228 0.006
612.718295 0.006
617.158304 0.006
621.630488 0.006
626.135079 0.006
630.672311 0.006
635.242423 0.006
639.845651 0.006
644.482237 0.006
649.152421 0.006
653.856447 0.006
658.594560 0.006
663.367008 0.006
668.174039 0.006
673.015903 0.006
677.892854 0.006
682.805145 0.006
687.753032 0.006
692.736774 0.006
697.756631 0.006
702.812863 0.006
707.905735 0.006
713.035511 0.006
718.202461 0.006
723.406852 0.006
728.648956 0.006
733.929047 0.006
739.247399 0.006
744.604290 0.006
750.000000 0.006
755.434809 0.006
760.909001 0.006
766.422861 0.006
771.976677 0.006
777.570739 0.006
783.205337 0.006
788.880766 0.006
794.597321 0.006
800.355301 0.006
806.155005 0.006
811.996736 0.006
817.880799 0.006
823.807501 0.006
829.777150 0.006
835.790057 0.006
841.846536 0.006
847.946903 0.006
854.091476 0.006
860.280575 0.006
866.514523 0.006
872.793644 0.006
879.118267 0.006
885.488720 0.006
891.905336 0.006
898.368450 0.006
904.878398 0.006
911.435520 0.006
918.040157 0.006
924.692655 0.006
931.393359 0.006
938.142619 0.006
944.940787 0.006
951.788218 0.006
958.685268 0.006
965.632296 0.006
972.629666 0.006
979.677741 0.006
986.776890 0.006
993.927482 0.006
1001.129891 0.006
1008.384491 0.006
1015.691660 0.006
1023.051781 0.006
1030.465236 0.006
1037.932411 0.006
1045.453698 0.006
1053.029486 0.006
1060.660172 0.006
1068.346153 0.006
1076.087829 0.006
1083.885605 0.006
1091.739887 0.006
1099.651084 0.006
1107.619609 0.006
1115.645878 0.006
1123.730308 0.006
1131.873321 0.006
1140.075341 0.006
1148.336797 0.006
1156.658119 0.006
1165.039741 0.006
1173.482099 0.006
1181.985634 0.006
1190.550789 0.006
1199.178011 0.006
1207.867749 0.006
1216.620457 0.006
1225.436590 0.006
1234.316609 0.006
1243.260976 0.006
1252.270157 0.006
1261.344623 0.006
1270.484846 0.006
1279.691303 0.006
1288.964474 0.006
1298.304842 0.006
1307.712894 0.006
1317.189120 0.006
1326.734016 0.006
1336.348077 0.006
1346.031806 0.006
1355.785708 0.006
1365.610290 0.006
1375.506065 0.006
1385.473549 0.006
1395.513261 0.006
1405.625726 0.006
1415.811469 0.006
1426.071023 0.006
1436.404921 0.006
1446.813703 0.006
1457.297912 0.006
1467.858093 0.006
1478.494798 0.006
1489.208581 0.006
1500.000000 0.006
1510.869618 0.006
1521.818002 0.006
1532.845723 0.006
1543.953355 0.006
1555.141477 0.006
1566.410674 0.006
1577.761531 0.006
1589.194642 0.006
1600.710601 0.006
1612.310010 0.006
1623.993473 0.006
1635.761599 0.006
1647.615002 0.006
1659.554299 0.006
1671.580114 0.006
1683.693072 0.006
1695.893807 0.006
1708.182952 0.006
1720.561150 0.006
1733.029045 0.006
1745.587288 0.006
1758.236533 0.006
1770.977440 0.006
1783.810673 0.006
1796.736900 0.006
1809.756796 0.006
1822.871040 0.006
1836.080315 0.006
1849.385310 0.006
1862.786718 0.006
1876.285239 0.006
1889.881575 0.006
1903.576436 0.006
1917.370535 0.006
1931.264593 0.006
1945.259332 0.006
1959.355483 0.006
1973.553781 0.006
1987.854965 0.006
2002.259781 0.006
2016.768981 0.006
2031.383320 0.006
2046.103561 0.006
2060.930471 0.006
2075.864823 0.006
2090.907395 0.006
2106.058972 0.006
2121.320344 0.006
2136.692305 0.006
2152.175658 0.006
2167.771210 0.006
2183.479774 0.006
2199.302169 0.006
2215.239219 0.006
2231.291755 0.006
2247.460615 0.006
2263.746641 0.006
2280.150683 0.006
2296.673595 0.006
2313.316238 0.006
2330.079481 0.006
2346.964198 0.006
2363.971268 0.006
2381.101578 0.006
2398.356022 0.006
2415.735498 0.006
2433.240913 0.006
2450.873180 0.006
2468.633217 0.006
2486.521951 0.006
2504.540314 0.006
2522.689246 0.006
2540.969692 0.006
2559.382606 0.006
2577.928947 0.006
2596.609683 0.006
2615.425787 0.006
2634.378241 0.006
2653.468031 0.006
2672.696154 0.006
2692.063613 0.006
2711.571415 0.006
2731.220579 0.006
2751.012130 0.006
2770.947098 0.006
2791.026522 0.006
2811.251451 0.006
2831.622938 0.006
2852.142045 0.006
2872.809842 0.006
2893.627406 0.006
2914.595823 0.006
2935.716186 0.006
2956.989596 0.006
2978.417161 0.006
3000.000000 0.006
3021.739237 0.006
3043.636005 0.006
3065.691446 0.006
3087.906710 0.006
3110.282955 0.006
3132.821347 0.006
3155.523062 0.006
3178.389283 0.006
3201.421202 0.006
3224.620020 0.006
3247.986946 0.006
3271.523198 0.006
3295.230004 0.006
3319.108599 0.006
3343.160228 0.006
3367.386145 0.006
3391.787613 0.006
3416.365904 0.006
3441.122300 0.006
3466.058091 0.006
3491.174576 0.006
3516.473066 0.006
3541.954880 0.006
3567.621345 0.006
3593.473800 0.006
3619.513592 0.006
3645.742080 0.006
3672.160630 0.006
3698.770620 0.006
3725.573436 0.006
3752.570477 0.006
3779.763150 0.006
3807.152872 0.006
3834.741071 0.006
3862.529185 0.006
3890.518664 0.006
3918.710966 0.006
3947.107561 0.006
3975.709929 0.006
4004.519563 0.006
4033.537962 0.006
4062.766641 0.006
4092.207123 0.006
4121.860942 0.006
4151.729646 0.006
4181.814790 0.006
4212.117944 0.006
4242.640687 0.006
4273.384610 0.006
4304.351317 0.006
4335.542421 0.006
4366.959549 0.006
4398.604338 0.006
4430.478438 0.006
4462.583511 0.006
4494.921231 0.006
4527.493283 0.006
4560.301365 0.006
4593.347189 0.006
4626.632476 0.006
4660.158962 0.006
4693.928395 0.006
4727.942535 0.006
4762.203156 0.006
4796.712043 0.006
4831.470996 0.006
4866.481826 0.006
4901.746360 0.006
4937.266434 0.006
4973.043902 0.006
5009.080628 0.006
5045.378492 0.006
5081.939384 0.006
5118.765212 0.006
5155.857894 0.006
5193.219366 0.006
5230.851574 0.006
5268.756481 0.006
5306.936062 0.006
5345.392309 0.006
5384.127225 0.006
5423.142830 0.006
5462.441159 0.006
5502.024259 0.006
5541.894195 0.006
5582.053045 0.006
5622.502902 0.006
5663.245876 0.006
5704.284090 0.006
5745.619684 0.006
5787.254813 0.006
5829.191647 0.006
5871.432373 0.006
5913.979192 0.006
5956.834323 0.006
6000.000000 0.006
6043.478473 0.006
6087.272010 0.006
6131.382892 0.006
6175.813420 0.006
6220.565910 0.006
6265.642695 0.006
6311.046124 0.006
6356.778566 0.006
6402.842404 0.006
6449.240040 0.006
6495.973891 0.006
6543.046396 0.006
6590.460007 0.006
6638.217197 0.006
6686.320456 0.006
6734.772290 0.006
6783.575226 0.006
6832.731809 0.006
6882.244600 0.006
6932.116181 0.006
6982.349153 0.006
7032.946133 0.006
7083.909760 0.006
7135.242690 0.006
7186.947600 0.006
7239.027185 0.006
7291.484160 0.006
7344.321260 0.006
7397.541239 0.006
7451.146872 0.006
7505.140954 0.006
7559.526299 0.006
7614.305743 0.006
7669.482141 0.006
7725.058371 0.006
7781.037328 0.006
7837.421932 0.006
7894.215122 0.006
7951.419859 0.006
8009.039125 0.006
8067.075924 0.006
8125.533282 0.006
8184.414245 0.006
8243.721885 0.006
8303.459292 0.006
8363.629581 0.006
8424.235888 0.006
8485.281374 0.006
8546.769221 0.006
8608.702634 0.006
8671.084842 0.006
8733.919097 0.006
8797.208675 0.006
8860.956876 0.006
8925.167022 0.006
8989.842461 0.006
9054.986566 0.006
9120.602731 0.006
9186.694378 0.006
9253.264952 0.006
9320.317925 0.006
9387.856790 0.006
9455.885071 0.006
9524.406312 0.006
9593.424086 0.006
9662.941992 0.006
9732.963653 0.006
9803.492719 0.006
9874.532869 0.006
9946.087805 0.006
10018.161257 0.006
10090.756983 0.006
10163.878768 0.006
10237.530423 0.006
10311.715789 0.006
10386.438732 0.006
10461.703149 0.006
10537.512962 0.006
10613.872125 0.006
10690.784618 0.006
10768.254450 0.006
10846.285661 0.006
10924.882318 0.006
11004.048518 0.006
11083.788390 0.006
11164.106090 0.006
11245.005805 0.006
11326.491752 0.006
11408.568180 0.006
11491.239368 0.006
11574.509626 0.006
11658.383294 0.006
11742.864745 0.006
11827.958384 0.006
11913.668646 0.006
12000.000000 0.006
12086.956947 0.006
12174.544019 0.006
12262.765784 0.006
12351.626840 0.006
12441.131819 0.006
12531.285389 0.006
12622.092249 0.006
12713.557132 0.006
12805.684808 0.006
12898.480079 0.006
12991.947783 0.006
13086.092792 0.006
13180.920015 0.006
13276.434395 0.006
13372.640911 0.006
13469.544580 0.006
13567.150452 0.006
13665.463617 0.006
13764.489200 0.006
13864.232362 0.006
13964.698305 0.006
14065.892266 0.006
14167.819519 0.006
14270.485380 0.006
14373.895200 0.006
14478.054370 0.006
14582.968320 0.006
14688.642520 0.005
14795.082478 0.005
14902.293745 0.005
15010.281908 0.005
15119.052599 0.005
15228.611486 0.005
15338.964283 0.005
15450.116741 0.005
15562.074656 0.005
15674.843864 0.005
15788.430244 0.005
15902.839718 0.005
16018.078250 0.005
16134.151848 0.005
16251.066563 0.005
16368.828491 0.005
16487.443769 0.005
16606.918584 0.005
16727.259161 0.005
16848.471777 0.005
16970.562748 0.005
17093.538442 0.005
17217.405268 0.005
17342.169684 0.005
17467.838194 0.005
17594.417350 0.005
17721.913751 0.005
17850.334044 0.005
17979.684923 0.005
18109.973131 0.005
18241.205462 0.005
18373.388756 0.005
18506.529905 0.005
18640.635849 0.005
18775.713581 0.005
18911.770141 0.005
19048.812624 0.005
19186.848172 0.005
19325.883983 0.005
19465.927305 0.005
19606.985439 0.005
19749.065738 0.005
19892.175609 0.005
20036.322514 0.005
20181.513966 0.005
20327.757536 0.005
20475.060846 0.005
20623.431577 0.005
20772.877464 0.005
20923.406297 0.005
21075.025924 0.005
21227.744250 0.005
21381.569235 0.005
21536.508900 0.005
21692.571321 0.005
21849.764635 0.005
22008.097037 0.005
22167.576780 0.005
22328.212180 0.005
22490.011609 0.005
22652.983504 0.005
22817.136361 0.005
22982.478737 0.005
23149.019252 0.005
23316.766588 0.005
23485.729490 0.005
23655.916767 0.005
23827.337292 0.005
24000.000000 0.005
