0.732422 0.010
0.737729 0.010
0.743075 0.010
0.748460 0.010
0.753883 0.010
0.759346 0.010
0.764849 0.010
0.770391 0.010
0.775974 0.010
0.781597 0.010
0.787261 0.010
0.792966 0.010
0.798712 0.010
0.804500 0.010
0.810329 0.010
0.816201 0.010
0.822116 0.010
0.828073 0.010
0.834074 0.010
0.840118 0.010
0.846206 0.010
0.852338 0.010
0.858514 0.010
0.864735 0.010
0.871001 0.010
0.877313 0.010
0.883670 0.010
0.890074 0.010
0.896524 0.010
0.903020 0.010
0.909564 0.010
0.916155 0.010
0.922794 0.010
0.929481 0.010
0.936216 0.010
0.943000 0.010
0.949834 0.010
0.956717 0.010
0.963649 0.010
0.970632 0.010
0.977666 0.010
0.984750 0.010
0.991886 0.010
0.999074 0.010
1.006314 0.010
1.013606 0.010
1.020951 0.010
1.028349 0.010
1.035801 0.010
1.043307 0.010
1.050867 0.010
1.058482 0.010
1.066152 0.010
1.073878 0.010
1.081660 0.010
1.089498 0.010
1.097393 0.010
1.105345 0.010
1.113355 0.010
1.121423 0.010
1.129549 0.010
1.137734 0.010
1.145979 0.010
1.154283 0.010
1.162647 0.010
1.171072 0.010
1.179558 0.010
1.188106 0.010
1.196715 0.010
1.205387 0.010
1.214122 0.010
1.222920 0.010
1.231782 0.010
1.240708 0.010
1.249699 0.010
1.258754 0.010
1.267876 0.010
1.277063 0.010
1.286318 0.010
1.295639 0.010
1.305027 0.010
1.314484 0.010
1.324009 0.010
1.333604 0.010
1.343268 0.010
1.353002 0.010
1.362806 0.010
1.372681 0.010
1.382628 0.010
1.392647 0.010
1.402739 0.010
1.412904 0.010
1.423142 0.010
1.433455 0.010
1.443843 0.010
1.454305 0.010
1.464844 0.010
1.475459 0.010
1.486150 0.010
1.496920 0.010
1.507767 0.010
1.518693 0.010
1.529698 0.010
1.540783 0.010
1.551948 0.010
1.563194 0.010
1.574521 0.010
1.585931 0.010
1.597423 0.010
1.608999 0.010
1.620658 0.010
1.632402 0.010
1.644232 0.010
1.656146 0.010
1.668147 0.010
1.680235 0.010
1.692411 0.010
1.704675 0.010
1.717028 0.010
1.729470 0.010
1.742003 0.010
1.754626 0.010
1.767341 0.010
1.780147 0.010
1.793047 0.010
1.806040 0.010
1.819128 0.010
1.832310 0.010
1.845587 0.010
1.858961 0.010
1.872432 0.010
1.886001 0.010
1.899667 0.010
1.913433 0.010
1.927299 0.010
1.941265 0.010
1.955332 0.010
1.969501 0.010
1.983773 0.010
1.998148 0.010
2.012627 0.010
2.027212 0.010
2.041902 0.010
2.056698 0.010
2.071602 0.010
2.086614 0.010
2.101734 0.010
2.116964 0.010
2.132304 0.010
2.147756 0.010
2.163320 0.010
2.178996 0.010
2.194786 0.010
2.210690 0.010
2.226710 0.010
2.242845 0.010
2.259098 0.010
2.275468 0.010
2.291957 0.010
2.308566 0.010
2.325295 0.010
2.342145 0.010
2.359117 0.010
2.376212 0.010
2.393431 0.010
2.410775 0.010
2.428244 0.010
2.445840 0.010
2.463564 0.010
2.481416 0.010
2.499397 0.010
2.517509 0.010
2.535752 0.010
2.554127 0.010
2.572635 0.010
2.591277 0.010
2.610055 0.010
2.628968 0.010
2.648019 0.010
2.667208 0.010
2.686535 0.010
2.706003 0.010
2.725612 0.010
2.745363 0.010
2.765257 0.010
2.785295 0.010
2.805478 0.010
2.825808 0.010
2.846285 0.010
2.866910 0.010
2.887685 0.010
2.908611 0.010
2.929688 0.010
2.950917 0.010
2.972301 0.010
2.993839 0.010
3.015534 0.010
3.037386 0.010
3.059396 0.010
3.081565 0.010
3.103896 0.010
3.126388 0.010
3.149043 0.010
3.171862 0.010
3.194847 0.010
3.217998 0.010
3.241317 0.010
3.264805 0.010
3.288463 0.010
3.312293 0.010
3.336295 0.010
3.360471 0.010
3.384822 0.010
3.409350 0.010
3.434056 0.010
3.458940 0.010
3.484005 0.010
3.509252 0.010
3.534681 0.010
3.560295 0.010
3.586094 0.010
3.612081 0.010
3.638255 0.010
3.664620 0.010
3.691175 0.010
3.717923 0.010
3.744864 0.010
3.772001 0.010
3.799335 0.010
3.826866 0.010
3.854597 0.010
3.882529 0.010
3.910664 0.010
3.939002 0.010
3.967546 0.010
3.996296 0.010
4.025255 0.010
4.054423 0.010
4.083804 0.010
4.113396 0.010
4.143204 0.010
4.173227 0.010
4.203468 0.010
4.233928 0.010
4.264609 0.010
4.295512 0.010
4.326639 0.010
4.357992 0.010
4.389572 0.010
4.421380 0.010
4.453419 0.010
4.485691 0.010
4.518196 0.010
4.550936 0.010
4.583914 0.010
4.617131 0.010
4.650589 0.010
4.684289 0.010
4.718233 0.010
4.752424 0.010
4.786862 0.010
4.821549 0.010
4.856488 0.010
4.891680 0.010
4.927127 0.010
4.962831 0.010
4.998794 0.010
5.035017 0.010
5.071503 0.010
5.108253 0.010
5.145270 0.010
5.182555 0.010
5.220110 0.010
5.257937 0.010
5.296038 0.010
5.334415 0.010
5.373071 0.010
5.412006 0.010
5.451224 0.010
5.490725 0.010
5.530514 0.010
5.570590 0.010
5.610957 0.010
5.651616 0.010
5.692570 0.010
5.733821 0.010
5.775370 0.010
5.817221 0.010
5.859375 0.010
5.901834 0.010
5.944602 0.010
5.987679 0.010
6.031068 0.010
6.074771 0.010
6.118792 0.010
6.163131 0.010
6.207792 0.010
6.252776 0.010
6.298086 0.010
6.343725 0.010
6.389694 0.010
6.435996 0.010
6.482634 0.010
6.529610 0.010
6.576926 0.010
6.624585 0.010
6.672590 0.010
6.720942 0.010
6.769645 0.010
6.818700 0.010
6.868111 0.010
6.917881 0.010
6.968010 0.010
7.018504 0.010
7.069362 0.010
7.120590 0.010
7.172189 0.010
7.224161 0.010
7.276511 0.010
7.329239 0.010
7.382350 0.010
7.435845 0.010
7.489729 0.010
7.544002 0.010
7.598669 0.010
7.653732 0.010
7.709194 0.010
7.765058 0.010
7.821327 0.010
7.878004 0.010
7.935091 0.010
7.992592 0.010
8.050510 0.010
8.108847 0.010
8.167607 0.010
8.226793 0.010
8.286408 0.010
8.346454 0.010
8.406936 0.010
8.467856 0.010
8.529218 0.010
8.591024 0.010
8.653278 0.010
8.715983 0.010
8.779143 0.010
8.842760 0.010
8.906839 0.010
8.971381 0.010
9.036392 0.010
9.101873 0.010
9.167829 0.010
9.234263 0.010
9.301178 0.010
9.368578 0.010
9.436467 0.010
9.504847 0.010
9.573723 0.010
9.643099 0.010
9.712976 0.010
9.783361 0.010
9.854255 0.010
9.925663 0.010
9.997588 0.010
10.070035 0.010
10.143007 0.010
10.216507 0.010
10.290540 0.010
10.365109 0.010
10.440219 0.010
10.515873 0.010
10.592076 0.010
10.668830 0.010
10.746141 0.010
10.824012 0.010
10.902447 0.010
10.981451 0.010
11.061027 0.010
11.141180 0.010
11.221913 0.010
11.303232 0.010
11.385140 0.010
11.467641 0.010
11.550741 0.010
11.634442 0.010
11.718750 0.010
11.803669 0.010
11.889203 0.010
11.975357 0.010
12.062136 0.010
12.149543 0.010
12.237583 0.010
12.326262 0.010
12.415583 0.010
12.505552 0.010
12.596172 0.010
12.687449 0.010
12.779387 0.010
12.871992 0.010
12.965268 0.010
13.059220 0.010
13.153852 0.010
13.249170 0.010
13.345179 0.010
13.441884 0.010
13.539289 0.010
13.637401 0.010
13.736223 0.010
13.835761 0.010
13.936021 0.010
14.037007 0.010
14.138725 0.010
14.241180 0.010
14.344377 0.010
14.448323 0.010
14.553021 0.010
14.658478 0.010
14.764700 0.010
14.871691 0.010
14.979457 0.010
15.088005 0.010
15.197339 0.010
15.307465 0.010
15.418389 0.010
15.530117 0.010
15.642655 0.010
15.756008 0.010
15.870182 0.010
15.985184 0.010
16.101019 0.010
16.217694 0.010
16.335214 0.010
16.453586 0.010
16.572815 0.010
16.692909 0.010
16.813872 0.010
16.935713 0.010
17.058436 0.010
17.182048 0.010
17.306556 0.010
17.431967 0.010
17.558286 0.010
17.685521 0.010
17.813677 0.010
17.942762 0.010
18.072783 0.010
18.203746 0.010
18.335658 0.010
18.468526 0.010
18.602356 0.010
18.737156 0.010
18.872934 0.010
19.009695 0.010
19.147447 0.010
19.286197 0.010
19.425953 0.010
19.566721 0.010
19.708510 0.010
19.851326 0.010
19.995177 0.010
20.140070 0.010
20.286013 0.010
20.433014 0.010
20.581080 0.010
20.730219 0.010
20.880439 0.010
21.031747 0.010
21.184152 0.010
21.337661 0.010
21.492282 0.010
21.648024 0.010
21.804895 0.010
21.962902 0.010
22.122054 0.010
22.282360 0.010
22.443827 0.010
22.606464 0.010
22.770280 0.010
22.935283 0.010
23.101481 0.010
23.268884 0.010
23.437500 0.010
23.607338 0.010
23.778406 0.010
23.950714 0.010
24.124271 0.010
24.299086 0.010
24.475167 0.010
24.652524 0.010
24.831166 0.010
25.011103 0.010
25.192344 0.010
25.374898 0.010
25.558775 0.010
25.743984 0.010
25.930536 0.010
26.118439 0.010
26.307704 0.010
26.498341 0.010
26.690359 0.010
26.883768 0.010
27.078579 0.010
27.274801 0.010
27.472446 0.010
27.671522 0.010
27.872042 0.010
28.074014 0.010
28.277450 0.010
28.482360 0.010
28.688755 0.010
28.896645 0.010
29.106042 0.010
29.316957 0.010
29.529400 0.010
29.743382 0.010
29.958915 0.010
30.176009 0.010
30.394677 0.010
30.614929 0.010
30.836778 0.010
31.060234 0.010
31.285309 0.010
31.512015 0.010
31.740364 0.010
31.970368 0.010
32.202039 0.010
32.435388 0.010
32.670428 0.010
32.907171 0.010
33.145630 0.010
33.385817 0.010
33.627745 0.010
33.871425 0.010
34.116871 0.010
34.364096 0.010
34.613113 0.010
34.863934 0.010
35.116572 0.010
35.371041 0.010
35.627354 0.010
35.885525 0.010
36.145566 0.010
36.407492 0.010
36.671316 0.010
36.937051 0.010
37.204712 0.010
37.474313 0.010
37.745867 0.010
38.019389 0.010
38.294893 0.010
38.572394 0.010
38.851905 0.010
39.133442 0.010
39.417019 0.010
39.702651 0.010
39.990353 0.010
40.280140 0.010
40.572026 0.010
40.866028 0.010
41.162160 0.010
41.460438 0.010
41.760877 0.010
42.063494 0.010
42.368303 0.010
42.675322 0.010
42.984565 0.010
43.296048 0.010
43.609789 0.010
43.925804 0.010
44.244108 0.010
44.564719 0.010
44.887654 0.010
45.212928 0.010
45.540560 0.010
45.870565 0.010
46.202962 0.010
46.537768 0.010
46.875000 0.010
47.214676 0.010
47.556813 0.010
47.901429 0.010
48.248542 0.010
48.598171 0.010
48.950334 0.010
49.305048 0.010
49.662333 0.010
50.022206 0.010
50.384688 0.010
50.749796 0.010
51.117550 0.010
51.487969 0.010
51.861072 0.010
52.236879 0.010
52.615409 0.010
52.996681 0.010
53.380717 0.010
53.767536 0.010
54.157158 0.010
54.549603 0.010
54.944892 0.010
55.343045 0.010
55.744084 0.010
56.148028 0.010
56.554900 0.010
56.964720 0.010
57.377510 0.010
57.793291 0.010
58.212085 0.010
58.633914 0.010
59.058799 0.010
59.486764 0.010
59.917829 0.010
60.352019 0.010
60.789354 0.010
61.229859 0.010
61.673556 0.010
62.120468 0.010
62.570618 0.010
63.024031 0.010
63.480729 0.010
63.940736 0.010
64.404077 0.010
64.870776 0.010
65.340856 0.010
65.814343 0.010
66.291261 0.010
66.771635 0.010
67.255489 0.010
67.742850 0.010
68.233743 0.010
68.728193 0.010
69.226226 0.010
69.727867 0.010
70.233144 0.010
70.742083 0.010
71.254709 0.010
71.771050 0.010
72.291132 0.010
72.814984 0.010
73.342631 0.010
73.874102 0.010
74.409424 0.010
74.948626 0.010
75.491734 0.010
76.038779 0.010
76.589787 0.010
77.144788 0.010
77.703811 0.010
78.266885 0.010
78.834039 0.010
79.405303 0.010
79.980706 0.010
80.560280 0.010
81.144053 0.010
81.732056 0.010
82.324320 0.010
82.920876 0.010
83.521755 0.010
84.126988 0.010
84.736607 0.010
85.350643 0.010
85.969129 0.010
86.592097 0.010
87.219579 0.010
87.851608 0.010
88.488217 0.010
89.129439 0.010
89.775308 0.010
90.425856 0.010
91.081119 0.010
91.741131 0.010
92.405925 0.010
93.075536 0.010
93.750000 0.010
94.429351 0.010
95.113625 0.010
95.802858 0.010
96.497085 0.010
97.196342 0.010
97.900667 0.010
98.610096 0.010
99.324665 0.010
100.044413 0.010
100.769376 0.010
101.499592 0.010
102.235100 0.010
102.975938 0.010
103.722144 0.010
104.473757 0.010
105.230817 0.010
105.993363 0.010
106.761435 0.010
107.535072 0.010
108.314315 0.010
109.099206 0.010
109.889783 0.010
110.686090 0.010
111.488167 0.010
112.296056 0.010
113.109800 0.010
113.929440 0.010
114.755020 0.010
115.586582 0.010
116.424170 0.010
117.267827 0.010
118.117598 0.010
118.973527 0.010
119.835658 0.010
120.704037 0.010
121.578708 0.010
122.459718 0.010
123.347111 0.010
124.240935 0.010
125.141236 0.010
126.048061 0.010
126.961458 0.010
127.881473 0.010
128.808154 0.010
129.741551 0.010
130.681712 0.010
131.628686 0.010
132.582521 0.010
133.543269 0.010
134.510979 0.010
135.485701 0.010
136.467486 0.010
137.456386 0.010
138.452451 0.010
139.455735 0.010
140.466288 0.010
141.484165 0.010
142.509418 0.010
143.542100 0.010
144.582265 0.010
145.629968 0.010
146.685262 0.010
147.748204 0.010
148.818849 0.010
149.897251 0.010
150.983469 0.010
152.077557 0.010
153.179574 0.010
154.289576 0.010
155.407622 0.010
156.533770 0.010
157.668078 0.010
158.810606 0.010
159.961413 0.010
161.120559 0.010
162.288105 0.010
163.464112 0.010
164.648640 0.010
165.841752 0.010
167.043510 0.010
168.253976 0.010
169.473213 0.010
170.701286 0.010
171.938258 0.010
173.184194 0.010
174.439158 0.010
175.703216 0.010
176.976434 0.010
178.258878 0.010
179.550615 0.010
180.851713 0.010
182.162239 0.010
183.482262 0.010
184.811850 0.010
186.151073 0.010
187.500000 0.010
188.858702 0.010
190.227250 0.010
191.605715 0.010
192.994169 0.010
194.392685 0.010
195.801334 0.010
197.220191 0.010
198.649330 0.010
200.088825 0.010
201.538751 0.010
202.999184 0.010
204.470200 0.010
205.951875 0.010
207.444287 0.010
208.947514 0.010
210.461634 0.010
211.986726 0.010
213.522869 0.010
215.070144 0.010
216.628631 0.010
218.198411 0.010
219.779567 0.010
221.372180 0.010
222.976334 0.010
224.592112 0.010
226.219600 0.010
227.858880 0.010
229.510039 0.010
231.173164 0.010
232.848340 0.010
234.535655 0.010
236.235197 0.010
237.947054 0.010
239.671317 0.010
241.408074 0.010
243.157416 0.010
244.919435 0.010
246.694223 0.010
248.481871 0.010
250.282473 0.010
252.096123 0.010
253.922915 0.010
255.762945 0.010
257.616309 0.010
259.483103 0.010
261.363424 0.010
263.257372 0.010
265.165043 0.010
267.086538 0.010
269.021957 0.010
270.971401 0.010
272.934972 0.010
274.912771 0.010
276.904902 0.010
278.911469 0.010
280.932577 0.010
282.968330 0.010
285.018835 0.010
287.084199 0.010
289.164530 0.010
291.259935 0.010
293.370525 0.010
295.496408 0.010
297.637697 0.010
299.794503 0.010
301.966937 0.010
304.155114 0.010
306.359147 0.010
308.579152 0.010
310.815244 0.010
313.067539 0.010
315.336156 0.010
317.621211 0.010
319.922826 0.010
322.241118 0.010
324.576210 0.010
326.928223 0.010
329.297280 0.010
331.683504 0.010
334.087019 0.010
336.507952 0.010
338.946427 0.010
341.402572 0.010
343.876516 0.010
346.368387 0.010
348.878315 0.010
351.406431 0.010
353.952867 0.010
356.517756 0.010
359.101230 0.010
361.703426 0.010
364.324478 0.010
366.964523 0.010
369.623699 0.010
372.302145 0.010
375.000000 0.010
377.717405 0.010
380.454501 0.010
383.211431 0.010
385.988339 0.010
388.785369 0.010
391.602668 0.010
394.440383 0.010
397.298660 0.010
400.177650 0.010
403.077502 0.010
405.998368 0.010
408.940400 0.010
411.903750 0.010
414.888575 0.010
417.895028 0.010
420.923268 0.010
423.973452 0.010
427.045738 0.010
430.140287 0.010
433.257261 0.010
436.396822 0.010
439.559133 0.010
442.744360 0.010
445.952668 0.010
449.184225 0.010
452.439199 0.010
455.717760 0.010
459.020079 0.010
462.346327 0.010
465.696680 0.010
469.071310 0.010
472.470394 0.010
475.894109 0.010
479.342634 0.010
482.816148 0.010
486.314833 0.010
489.838871 0.010
493.388445 0.010
496.963741 0.010
500.564945 0.010
504.192245 0.010
507.845830 0.010
511.525890 0.010
515.232618 0.010
518.966206 0.010
522.726849 0.010
526.514743 0.010
530.330086 0.010
534.173076 0.010
538.043915 0.010
541.942803 0.010
545.869944 0.010
549.825542 0.010
553.809805 0.010
557.822939 0.010
561.865154 0.010
565.936660 0.010
570.037671 0.010
574.168399 0.010
578.329060 0.010
582.519870 0.010
586.741049 0.010
590.992817 0.010
595.275394 0.010
599.589005 0.010
603.933874 0.010
608.310228 0.010
612.718295 0.010
617.158304 0.010
621.630488 0.010
626.135079 0.010
630.672311 0.010
635.242423 0.010
639.845651 0.010
644.482237 0.010
649.152421 0.010
653.856447 0.010
658.594560 0.010
663.367008 0.010
668.174039 0.010
673.015903 0.010
677.892854 0.010
682.805145 0.010
687.753032 0.010
692.736774 0.010
697.756631 0.010
702.812863 0.010
707.905735 0.010
713.035511 0.010
718.202461 0.010
723.406852 0.010
728.648956 0.010
733.929047 0.010
739.247399 0.010
744.604290 0.010
750.000000 0.010
755.434809 0.010
760.909001 0.010
766.422861 0.010
771.976677 0.010
777.570739 0.010
783.205337 0.010
788.880766 0.010
794.597321 0.010
800.355301 0.010
806.155005 0.010
811.996736 0.010
817.880799 0.010
823.807501 0.010
829.777150 0.010
835.790057 0.010
841.846536 0.010
847.946903 0.010
854.091476 0.010
860.280575 0.010
866.514523 0.010
872.793644 0.010
879.118267 0.010
885.488720 0.010
891.905336 0.010
898.368450 0.010
904.878398 0.010
911.435520 0.010
918.040157 0.010
924.692655 0.010
931.393359 0.010
938.142619 0.010
944.940787 0.010
951.788218 0.010
958.685268 0.010
965.632296 0.010
972.629666 0.010
979.677741 0.010
986.776890 0.010
993.927482 0.010
1001.129891 0.010
1008.384491 0.010
1015.691660 0.010
1023.051781 0.010
1030.465236 0.010
1037.932411 0.010
1045.453698 0.010
1053.029486 0.010
1060.660172 0.010
1068.346153 0.010
1076.087829 0.010
1083.885605 0.010
1091.739887 0.010
1099.651084 0.010
1107.619609 0.010
1115.645878 0.010
1123.730308 0.010
1131.873321 0.010
1140.075341 0.010
1148.336797 0.010
1156.658119 0.010
1165.039741 0.010
1173.482099 0.010
1181.985634 0.010
1190.550789 0.010
1199.178011 0.010
1207.867749 0.010
1216.620457 0.010
1225.436590 0.010
1234.316609 0.010
1243.260976 0.010
1252.270157 0.010
1261.344623 0.010
1270.484846 0.010
1279.691303 0.010
1288.964474 0.010
1298.304842 0.010
1307.712894 0.010
1317.189120 0.010
1326.734016 0.010
1336.348077 0.010
1346.031806 0.010
1355.785708 0.010
1365.610290 0.010
1375.506065 0.010
1385.473549 0.010
1395.513261 0.010
1405.625726 0.010
1415.811469 0.010
1426.071023 0.010
1436.404921 0.010
1446.813703 0.010
1457.297912 0.010
1467.858093 0.010
1478.494798 0.010
1489.208581 0.010
1500.000000 0.010
1510.869618 0.010
1521.818002 0.010
1532.845723 0.010
1543.953355 0.010
1555.141477 0.010
1566.410674 0.010
1577.761531 0.010
1589.194642 0.010
1600.710601 0.010
1612.310010 0.010
1623.993473 0.010
1635.761599 0.010
1647.615002 0.010
1659.554299 0.010
1671.580114 0.010
1683.693072 0.010
1695.893807 0.010
1708.182952 0.010
1720.561150 0.010
1733.029045 0.010
1745.587288 0.010
1758.236533 0.010
1770.977440 0.010
1783.810673 0.010
1796.736900 0.010
1809.756796 0.010
1822.871040 0.010
1836.080315 0.010
1849.385310 0.010
1862.786718 0.010
1876.285239 0.010
1889.881575 0.010
1903.576436 0.010
1917.370535 0.010
1931.264593 0.010
1945.259332 0.010
1959.355483 0.010
1973.553781 0.010
1987.854965 0.010
2002.259781 0.010
2016.768981 0.010
2031.383320 0.010
2046.103561 0.010
2060.930471 0.010
2075.864823 0.010
2090.907395 0.010
2106.058972 0.010
2121.320344 0.010
2136.692305 0.010
2152.175658 0.010
2167.771210 0.010
2183.479774 0.010
2199.302169 0.010
2215.239219 0.010
2231.291755 0.010
2247.460615 0.010
2263.746641 0.010
2280.150683 0.010
2296.673595 0.010
2313.316238 0.010
2330.079481 0.010
2346.964198 0.010
2363.971268 0.010
2381.101578 0.010
2398.356022 0.010
2415.735498 0.010
2433.240913 0.010
2450.873180 0.010
2468.633217 0.010
2486.521951 0.010
2504.540314 0.010
2522.689246 0.010
2540.969692 0.010
2559.382606 0.010
2577.928947 0.010
2596.609683 0.010
2615.425787 0.010
2634.378241 0.010
2653.468031 0.010
2672.696154 0.010
2692.063613 0.010
2711.571415 0.010
2731.220579 0.010
2751.012130 0.010
2770.947098 0.010
2791.026522 0.010
2811.251451 0.010
2831.622938 0.010
2852.142045 0.010
2872.809842 0.010
2893.627406 0.010
2914.595823 0.010
2935.716186 0.010
2956.989596 0.010
2978.417161 0.010
3000.000000 0.010
3021.739237 0.010
3043.636005 0.010
3065.691446 0.010
3087.906710 0.010
3110.282955 0.010
3132.821347 0.010
3155.523062 0.010
3178.389283 0.010
3201.421202 0.010
3224.620020 0.010
3247.986946 0.010
3271.523198 0.010
3295.230004 0.010
3319.108599 0.010
3343.160228 0.010
3367.386145 0.010
3391.787613 0.010
3416.365904 0.010
3441.122300 0.010
3466.058091 0.010
3491.174576 0.010
3516.473066 0.010
3541.954880 0.010
3567.621345 0.010
3593.473800 0.010
3619.513592 0.010
3645.742080 0.010
3672.160630 0.010
3698.770620 0.010
3725.573436 0.010
3752.570477 0.010
3779.763150 0.010
3807.152872 0.010
3834.741071 0.010
3862.529185 0.010
3890.518664 0.010
3918.710966 0.010
3947.107561 0.010
3975.709929 0.010
4004.519563 0.010
4033.537962 0.010
4062.766641 0.010
4092.207123 0.010
4121.860942 0.010
4151.729646 0.010
4181.814790 0.010
4212.117944 0.010
4242.640687 0.010
4273.384610 0.010
4304.351317 0.010
4335.542421 0.010
4366.959549 0.010
4398.604338 0.010
4430.478438 0.010
4462.583511 0.010
4494.921231 0.010
4527.493283 0.010
4560.301365 0.010
4593.347189 0.010
4626.632476 0.010
4660.158962 0.010
4693.928395 0.010
4727.942535 0.010
4762.203156 0.010
4796.712043 0.010
4831.470996 0.010
4866.481826 0.010
4901.746360 0.010
4937.266434 0.010
4973.043902 0.010
5009.080628 0.010
5045.378492 0.010
5081.939384 0.010
5118.765212 0.010
5155.857894 0.010
5193.219366 0.010
5230.851574 0.010
5268.756481 0.010
5306.936062 0.010
5345.392309 0.010
5384.127225 0.010
5423.142830 0.010
5462.441159 0.010
5502.024259 0.010
5541.894195 0.010
5582.053045 0.010
5622.502902 0.010
5663.245876 0.010
5704.284090 0.010
5745.619684 0.010
5787.254813 0.010
5829.191647 0.010
5871.432373 0.010
5913.979192 0.010
5956.834323 0.010
6000.000000 0.010
6043.478473 0.010
6087.272010 0.010
6131.382892 0.010
6175.813420 0.010
6220.565910 0.010
6265.642695 0.010
6311.046124 0.010
6356.778566 0.010
6402.842404 0.010
6449.240040 0.010
6495.973891 0.010
6543.046396 0.010
6590.460007 0.010
6638.217197 0.010
6686.320456 0.010
6734.772290 0.010
6783.575226 0.010
6832.731809 0.010
6882.244600 0.010
6932.116181 0.010
6982.349153 0.010
7032.946133 0.010
7083.909760 0.010
7135.242690 0.010
7186.947600 0.010
7239.027185 0.010
7291.484160 0.010
7344.321260 0.010
7397.541239 0.010
7451.146872 0.010
7505.140954 0.010
7559.526299 0.010
7614.305743 0.010
7669.482141 0.010
7725.058371 0.010
7781.037328 0.010
7837.421932 0.010
7894.215122 0.010
7951.419859 0.010
8009.039125 0.010
8067.075924 0.010
8125.533282 0.010
8184.414245 0.010
8243.721885 0.010
8303.459292 0.010
8363.629581 0.010
8424.235888 0.010
8485.281374 0.010
8546.769221 0.010
8608.702634 0.010
8671.084842 0.010
8733.919097 0.010
8797.208675 0.010
8860.956876 0.010
8925.167022 0.010
8989.842461 0.010
9054.986566 0.010
9120.602731 0.010
9186.694378 0.010
9253.264952 0.010
9320.317925 0.010
9387.856790 0.010
9455.885071 0.010
9524.406312 0.010
9593.424086 0.010
9662.941992 0.010
9732.963653 0.010
9803.492719 0.010
9874.532869 0.010
9946.087805 0.010
10018.161257 0.010
10090.756983 0.010
10163.878768 0.010
10237.530423 0.010
10311.715789 0.010
10386.438732 0.010
10461.703149 0.010
10537.512962 0.010
10613.872125 0.010
10690.784618 0.010
10768.254450 0.010
10846.285661 0.010
10924.882318 0.010
11004.048518 0.010
11083.788390 0.010
11164.106090 0.010
11245.005805 0.010
11326.491752 0.010
11408.568180 0.010
11491.239368 0.010
11574.509626 0.010
11658.383294 0.010
11742.864745 0.010
11827.958384 0.010
11913.668646 0.010
12000.000000 0.010
12086.956947 0.010
12174.544019 0.010
12262.765784 0.010
12351.626840 0.010
12441.131819 0.010
12531.285389 0.010
12622.092249 0.010
12713.557132 0.010
12805.684808 0.010
12898.480079 0.010
12991.947783 0.010
13086.092792 0.010
13180.920015 0.010
13276.434395 0.010
13372.640911 0.010
13469.544580 0.010
13567.150452 0.010
13665.463617 0.010
13764.489200 0.010
13864.232362 0.010
13964.698305 0.010
14065.892266 0.010
14167.819519 0.010
14270.485380 0.010
14373.895200 0.010
14478.054370 0.010
14582.968320 0.010
14688.642520 0.010
14795.082478 0.010
14902.293745 0.010
15010.281908 0.010
15119.052599 0.010
15228.611486 0.010
15338.964283 0.010
15450.116741 0.010
15562.074656 0.010
15674.843864 0.010
15788.430244 0.010
15902.839718 0.010
16018.078250 0.010
16134.151848 0.010
16251.066563 0.010
16368.828491 0.010
16487.443769 0.010
16606.918584 0.010
16727.259161 0.010
16848.471777 0.010
16970.562748 0.010
17093.538442 0.010
17217.405268 0.010
17342.169684 0.010
17467.838194 0.010
17594.417350 0.010
17721.913751 0.010
17850.334044 0.010
17979.684923 0.010
18109.973131 0.010
18241.205462 0.010
18373.388756 0.010
18506.529905 0.010
18640.635849 0.010
18775.713581 0.010
18911.770141 0.010
19048.812624 0.010
19186.848172 0.010
19325.883983 0.010
19465.927305 0.010
19606.985439 0.010
19749.065738 0.010
19892.175609 0.010
20036.322514 0.010
20181.513966 0.010
20327.757536 0.010
20475.060846 0.010
20623.431577 0.010
20772.877464 0.010
20923.406297 0.010
21075.025924 0.010
21227.744250 0.010
21381.569235 0.010
21536.508900 0.010
21692.571321 0.010
21849.764635 0.010
22008.097037 0.010
22167.576780 0.010
22328.212180 0.010
22490.011609 0.010
22652.983504 0.010
22817.136361 0.010
22982.478737 0.010
23149.019252 0.010
23316.766588 0.010
23485.729490 0.010
23655.916767 0.010
23827.337292 0.010
24000.000000 0.010
