0.732422 4.365
0.737729 4.365
0.743075 4.365
0.748460 4.364
0.753883 4.364
0.759346 4.363
0.764849 4.363
0.770391 4.363
0.775974 4.362
0.781597 4.362
0.787261 4.361
0.792966 4.361
0.798712 4.361
0.804500 4.360
0.810329 4.360
0.816201 4.359
0.822116 4.359
0.828073 4.358
0.834074 4.358
0.840118 4.358
0.846206 4.357
0.852338 4.357
0.858514 4.356
0.864735 4.356
0.871001 4.355
0.877313 4.355
0.883670 4.354
0.890074 4.354
0.896524 4.354
0.903020 4.353
0.909564 4.353
0.916155 4.352
0.922794 4.352
0.929481 4.351
0.936216 4.351
0.943000 4.350
0.949834 4.350
0.956717 4.349
0.963649 4.349
0.970632 4.348
0.977666 4.348
0.984750 4.347
0.991886 4.347
0.999074 4.346
1.006314 4.346
1.013606 4.345
1.020951 4.345
1.028349 4.344
1.035801 4.343
1.043307 4.343
1.050867 4.342
1.058482 4.342
1.066152 4.341
1.073878 4.341
1.081660 4.340
1.089498 4.340
1.097393 4.339
1.105345 4.338
1.113355 4.338
1.121423 4.337
1.129549 4.336
1.137734 4.335
1.145979 4.335
1.154283 4.334
1.162647 4.333
1.171072 4.332
1.179558 4.331
1.188106 4.331
1.196715 4.330
1.205387 4.329
1.214122 4.328
1.222920 4.327
1.231782 4.326
1.240708 4.325
1.249699 4.324
1.258754 4.324
1.267876 4.323
1.277063 4.322
1.286318 4.321
1.295639 4.320
1.305027 4.319
1.314484 4.318
1.324009 4.317
1.333604 4.316
1.343268 4.314
1.353002 4.313
1.362806 4.312
1.372681 4.311
1.382628 4.310
1.392647 4.309
1.402739 4.308
1.412904 4.306
1.423142 4.305
1.433455 4.304
1.443843 4.303
1.454305 4.301
1.464844 4.300
1.475459 4.299
1.486150 4.297
1.496920 4.296
1.507767 4.295
1.518693 4.293
1.529698 4.292
1.540783 4.290
1.551948 4.289
1.563194 4.287
1.574521 4.286
1.585931 4.284
1.597423 4.283
1.608999 4.281
1.620658 4.280
1.632402 4.278
1.644232 4.276
1.656146 4.275
1.668147 4.273
1.680235 4.271
1.692411 4.269
1.704675 4.268
1.717028 4.266
1.729470 4.264
1.742003 4.262
1.754626 4.260
1.767341 4.258
1.780147 4.256
1.793047 4.254
1.806040 4.252
1.819128 4.250
1.832310 4.248
1.845587 4.246
1.858961 4.244
1.872432 4.242
1.886001 4.239
1.899667 4.237
1.913433 4.235
1.927299 4.233
1.941265 4.230
1.955332 4.228
1.969501 4.225
1.983773 4.223
1.998148 4.220
2.012627 4.218
2.027212 4.215
2.041902 4.213
2.056698 4.210
2.071602 4.207
2.086614 4.205
2.101734 4.202
2.116964 4.199
2.132304 4.196
2.147756 4.193
2.163320 4.191
2.178996 4.188
2.194786 4.185
2.210690 4.182
2.226710 4.178
2.242845 4.175
2.259098 4.172
2.275468 4.169
2.291957 4.166
2.308566 4.162
2.325295 4.159
2.342145 4.156
2.359117 4.152
2.376212 4.149
2.393431 4.145
2.410775 4.141
2.428244 4.138
2.445840 4.134
2.463564 4.130
2.481416 4.127
2.499397 4.123
2.517509 4.119
2.535752 4.115
2.554127 4.111
2.572635 4.107
2.591277 4.103
2.610055 4.099
2.628968 4.095
2.648019 4.090
2.667208 4.086
2.686535 4.082
2.706003 4.077
2.725612 4.073
2.745363 4.068
2.765257 4.064
2.785295 4.059
2.805478 4.055
2.825808 4.050
2.846285 4.045
2.866910 4.040
2.887685 4.035
2.908611 4.030
2.929688 4.025
2.950917 4.020
2.972301 4.015
2.993839 4.010
3.015534 4.005
3.037386 4.000
3.059396 3.994
3.081565 3.989
3.103896 3.984
3.126388 3.978
3.149043 3.972
3.171862 3.967
3.194847 3.961
3.217998 3.955
3.241317 3.950
3.264805 3.944
3.288463 3.938
3.312293 3.932
3.336295 3.926
3.360471 3.920
3.384822 3.914
3.409350 3.908
3.434056 3.901
3.458940 3.895
3.484005 3.889
3.509252 3.882
3.534681 3.876
3.560295 3.869
3.586094 3.863
3.612081 3.856
3.638255 3.849
3.664620 3.843
3.691175 3.836
3.717923 3.829
3.744864 3.822
3.772001 3.815
3.799335 3.808
3.826866 3.801
3.854597 3.793
3.882529 3.786
3.910664 3.779
3.939002 3.771
3.967546 3.764
3.996296 3.756
4.025255 3.749
4.054423 3.741
4.083804 3.734
4.113396 3.726
4.143204 3.718
4.173227 3.710
4.203468 3.702
4.233928 3.694
4.264609 3.686
4.295512 3.678
4.326639 3.669
4.357992 3.661
4.389572 3.653
4.421380 3.644
4.453419 3.636
4.485691 3.627
4.518196 3.618
4.550936 3.610
4.583914 3.601
4.617131 3.592
4.650589 3.583
4.684289 3.574
4.718233 3.565
4.752424 3.555
4.786862 3.546
4.821549 3.537
4.856488 3.527
4.891680 3.518
4.927127 3.508
4.962831 3.498
4.998794 3.488
5.035017 3.479
5.071503 3.469
5.108253 3.458
5.145270 3.448
5.182555 3.438
5.220110 3.428
5.257937 3.417
5.296038 3.407
5.334415 3.396
5.373071 3.385
5.412006 3.375
5.451224 3.364
5.490725 3.353
5.530514 3.342
5.570590 3.331
5.610957 3.320
5.651616 3.308
5.692570 3.297
5.733821 3.285
5.775370 3.274
5.817221 3.262
5.859375 3.251
5.901834 3.239
5.944602 3.227
5.987679 3.215
6.031068 3.203
6.074771 3.191
6.118792 3.179
6.163131 3.167
6.207792 3.155
6.252776 3.142
6.298086 3.130
6.343725 3.118
6.389694 3.105
6.435996 3.093
6.482634 3.080
6.529610 3.067
6.576926 3.055
6.624585 3.042
6.672590 3.029
6.720942 3.016
6.769645 3.004
6.818700 2.991
6.868111 2.978
6.917881 2.965
6.968010 2.952
7.018504 2.939
7.069362 2.925
7.120590 2.912
7.172189 2.899
7.224161 2.886
7.276511 2.872
7.329239 2.859
7.382350 2.846
7.435845 2.832
7.489729 2.819
7.544002 2.805
7.598669 2.791
7.653732 2.778
7.709194 2.764
7.765058 2.750
7.821327 2.736
7.878004 2.722
7.935091 2.708
7.992592 2.694
8.050510 2.680
8.108847 2.666
8.167607 2.652
8.226793 2.638
8.286408 2.623
8.346454 2.609
8.406936 2.594
8.467856 2.580
8.529218 2.565
8.591024 2.551
8.653278 2.536
8.715983 2.521
8.779143 2.507
8.842760 2.492
8.906839 2.477
8.971381 2.462
9.036392 2.448
9.101873 2.433
9.167829 2.418
9.234263 2.403
9.301178 2.388
9.368578 2.373
9.436467 2.359
9.504847 2.344
9.573723 2.329
9.643099 2.314
9.712976 2.299
9.783361 2.284
9.854255 2.270
9.925663 2.255
9.997588 2.240
10.070035 2.225
10.143007 2.211
10.216507 2.196
10.290540 2.181
10.365109 2.166
10.440219 2.152
10.515873 2.137
10.592076 2.122
10.668830 2.107
10.746141 2.093
10.824012 2.078
10.902447 2.063
10.981451 2.048
11.061027 2.034
11.141180 2.019
11.221913 2.004
11.303232 1.989
11.385140 1.974
11.467641 1.959
11.550741 1.945
11.634442 1.930
11.718750 1.915
11.803669 1.900
11.889203 1.885
11.975357 1.870
12.062136 1.856
12.149543 1.841
12.237583 1.826
12.326262 1.812
12.415583 1.797
12.505552 1.783
12.596172 1.768
12.687449 1.754
12.779387 1.740
12.871992 1.726
12.965268 1.711
13.059220 1.697
13.153852 1.683
13.249170 1.669
13.345179 1.655
13.441884 1.642
13.539289 1.628
13.637401 1.614
13.736223 1.600
13.835761 1.586
13.936021 1.573
14.037007 1.559
14.138725 1.545
14.241180 1.531
14.344377 1.518
14.448323 1.504
14.553021 1.490
14.658478 1.477
14.764700 1.463
14.871691 1.450
14.979457 1.436
15.088005 1.423
15.197339 1.410
15.307465 1.397
15.418389 1.384
15.530117 1.371
15.642655 1.358
15.756008 1.345
15.870182 1.332
15.985184 1.320
16.101019 1.307
16.217694 1.295
16.335214 1.283
16.453586 1.270
16.572815 1.258
16.692909 1.246
16.813872 1.234
16.935713 1.222
17.058436 1.209
17.182048 1.197
17.306556 1.185
17.431967 1.173
17.558286 1.161
17.685521 1.150
17.813677 1.138
17.942762 1.126
18.072783 1.114
18.203746 1.103
18.335658 1.091
18.468526 1.080
18.602356 1.069
18.737156 1.058
18.872934 1.047
19.009695 1.036
19.147447 1.025
19.286197 1.015
19.425953 1.004
19.566721 0.994
19.708510 0.983
19.851326 0.973
19.995177 0.962
20.140070 0.952
20.286013 0.941
20.433014 0.931
20.581080 0.921
20.730219 0.911
20.880439 0.901
21.031747 0.891
21.184152 0.881
21.337661 0.871
21.492282 0.861
21.648024 0.852
21.804895 0.842
21.962902 0.833
22.122054 0.824
22.282360 0.815
22.443827 0.806
22.606464 0.797
22.770280 0.788
22.935283 0.779
23.101481 0.770
23.268884 0.761
23.437500 0.752
23.607338 0.744
23.778406 0.735
23.950714 0.726
24.124271 0.718
24.299086 0.709
24.475167 0.701
24.652524 0.693
24.831166 0.685
25.011103 0.677
25.192344 0.670
25.374898 0.662
25.558775 0.654
25.743984 0.647
25.930536 0.639
26.118439 0.631
26.307704 0.624
26.498341 0.616
26.690359 0.608
26.883768 0.601
27.078579 0.594
27.274801 0.587
27.472446 0.580
27.671522 0.573
27.872042 0.566
28.074014 0.559
28.277450 0.553
28.482360 0.546
28.688755 0.540
28.896645 0.533
29.106042 0.526
29.316957 0.520
29.529400 0.513
29.743382 0.507
29.958915 0.501
30.176009 0.494
30.394677 0.488
30.614929 0.482
30.836778 0.477
31.060234 0.471
31.285309 0.465
31.512015 0.459
31.740364 0.454
31.970368 0.448
32.202039 0.442
32.435388 0.437
32.670428 0.431
32.907171 0.426
33.145630 0.420
33.385817 0.415
33.627745 0.410
33.871425 0.405
34.116871 0.400
34.364096 0.395
34.613113 0.390
34.863934 0.385
35.116572 0.380
35.371041 0.375
35.627354 0.370
35.885525 0.365
36.145566 0.361
36.407492 0.356
36.671316 0.352
36.937051 0.348
37.204712 0.343
37.474313 0.339
37.745867 0.334
38.019389 0.330
38.294893 0.326
38.572394 0.321
38.851905 0.317
39.133442 0.313
39.417019 0.309
39.702651 0.305
39.990353 0.302
40.280140 0.298
40.572026 0.294
40.866028 0.290
41.162160 0.286
41.460438 0.282
41.760877 0.279
42.063494 0.275
42.368303 0.272
42.675322 0.268
42.984565 0.265
43.296048 0.261
43.609789 0.258
43.925804 0.255
44.244108 0.251
44.564719 0.248
44.887654 0.244
45.212928 0.241
45.540560 0.238
45.870565 0.235
46.202962 0.232
46.537768 0.229
46.875000 0.226
47.214676 0.223
47.556813 0.220
47.901429 0.217
48.248542 0.215
48.598171 0.212
48.950334 0.209
49.305048 0.206
49.662333 0.204
50.022206 0.201
50.384688 0.198
50.749796 0.196
51.117550 0.193
51.487969 0.191
51.861072 0.188
52.236879 0.186
52.615409 0.183
52.996681 0.181
53.380717 0.178
53.767536 0.176
54.157158 0.174
54.549603 0.172
54.944892 0.169
55.343045 0.167
55.744084 0.165
56.148028 0.163
56.554900 0.160
56.964720 0.158
57.377510 0.156
57.793291 0.155
58.212085 0.152
58.633914 0.150
59.058799 0.148
59.486764 0.146
59.917829 0.144
60.352019 0.143
60.789354 0.141
61.229859 0.139
61.673556 0.137
62.120468 0.135
62.570618 0.133
63.024031 0.132
63.480729 0.130
63.940736 0.129
64.404077 0.127
64.870776 0.125
65.340856 0.123
65.814343 0.122
66.291261 0.120
66.771635 0.119
67.255489 0.117
67.742850 0.116
68.233743 0.114
68.728193 0.113
69.226226 0.111
69.727867 0.110
70.233144 0.108
70.742083 0.107
71.254709 0.105
71.771050 0.104
72.291132 0.103
72.814984 0.102
73.342631 0.100
73.874102 0.099
74.409424 0.098
74.948626 0.096
75.491734 0.095
76.038779 0.094
76.589787 0.093
77.144788 0.091
77.703811 0.090
78.266885 0.089
78.834039 0.088
79.405303 0.087
79.980706 0.086
80.560280 0.085
81.144053 0.084
81.732056 0.083
82.324320 0.081
82.920876 0.080
83.521755 0.079
84.126988 0.078
84.736607 0.077
85.350643 0.076
85.969129 0.075
86.592097 0.075
87.219579 0.074
87.851608 0.073
88.488217 0.072
89.129439 0.071
89.775308 0.070
90.425856 0.069
91.081119 0.068
91.741131 0.067
92.405925 0.066
93.075536 0.066
93.750000 0.065
94.429351 0.064
95.113625 0.063
95.802858 0.062
96.497085 0.062
97.196342 0.061
97.900667 0.060
98.610096 0.059
99.324665 0.059
100.044413 0.058
100.769376 0.057
101.499592 0.057
102.235100 0.056
102.975938 0.055
103.722144 0.054
104.473757 0.054
105.230817 0.053
105.993363 0.053
106.761435 0.052
107.535072 0.051
108.314315 0.051
109.099206 0.050
109.889783 0.049
110.686090 0.049
111.488167 0.048
112.296056 0.048
113.109800 0.047
113.929440 0.047
114.755020 0.046
115.586582 0.045
116.424170 0.045
117.267827 0.044
118.117598 0.044
118.973527 0.043
119.835658 0.043
120.704037 0.042
121.578708 0.042
122.459718 0.041
123.347111 0.041
124.240935 0.040
125.141236 0.040
126.048061 0.040
126.961458 0.039
127.881473 0.039
128.808154 0.038
129.741551 0.038
130.681712 0.037
131.628686 0.037
132.582521 0.036
133.543269 0.036
134.510979 0.036
135.485701 0.035
136.467486 0.035
137.456386 0.034
138.452451 0.034
139.455735 0.034
140.466288 0.033
141.484165 0.033
142.509418 0.033
143.542100 0.032
144.582265 0.032
145.629968 0.032
146.685262 0.031
147.748204 0.031
148.818849 0.031
149.897251 0.030
150.983469 0.030
152.077557 0.030
153.179574 0.029
154.289576 0.029
155.407622 0.029
156.533770 0.028
157.668078 0.028
158.810606 0.028
159.961413 0.028
161.120559 0.027
162.288105 0.027
163.464112 0.027
164.648640 0.026
165.841752 0.026
167.043510 0.026
168.253976 0.026
169.473213 0.025
170.701286 0.025
171.938258 0.025
173.184194 0.025
174.439158 0.024
175.703216 0.024
176.976434 0.024
178.258878 0.024
179.550615 0.023
180.851713 0.023
182.162239 0.023
183.482262 0.023
184.811850 0.023
186.151073 0.022
187.500000 0.022
188.858702 0.022
190.227250 0.022
191.605715 0.022
192.994169 0.021
194.392685 0.021
195.801334 0.021
197.220191 0.021
198.649330 0.021
200.088825 0.020
201.538751 0.020
202.999184 0.020
204.470200 0.020
205.951875 0.020
207.444287 0.019
208.947514 0.019
210.461634 0.019
211.986726 0.019
213.522869 0.019
215.070144 0.019
216.628631 0.019
218.198411 0.018
219.779567 0.018
221.372180 0.018
222.976334 0.018
224.592112 0.018
226.219600 0.018
227.858880 0.017
229.510039 0.017
231.173164 0.017
232.848340 0.017
234.535655 0.017
236.235197 0.017
237.947054 0.017
239.671317 0.017
241.408074 0.016
243.157416 0.016
244.919435 0.016
246.694223 0.016
248.481871 0.016
250.282473 0.016
252.096123 0.016
253.922915 0.016
255.762945 0.015
257.616309 0.015
259.483103 0.015
261.363424 0.015
263.257372 0.015
265.165043 0.015
267.086538 0.015
269.021957 0.015
270.971401 0.015
272.934972 0.015
274.912771 0.014
276.904902 0.014
278.911469 0.014
280.932577 0.014
282.968330 0.014
285.018835 0.014
287.084199 0.014
289.164530 0.014
291.259935 0.014
293.370525 0.014
295.496408 0.013
297.637697 0.013
299.794503 0.013
301.966937 0.013
304.155114 0.013
306.359147 0.013
308.579152 0.013
310.815244 0.013
313.067539 0.013
315.336156 0.013
317.621211 0.013
319.922826 0.013
322.241118 0.013
324.576210 0.013
326.928223 0.012
329.297280 0.012
331.683504 0.012
334.087019 0.012
336.507952 0.012
338.946427 0.012
341.402572 0.012
343.876516 0.012
346.368387 0.012
348.878315 0.012
351.406431 0.012
353.952867 0.012
356.517756 0.012
359.101230 0.012
361.703426 0.012
364.324478 0.012
366.964523 0.011
369.623699 0.011
372.302145 0.011
375.000000 0.011
377.717405 0.011
380.454501 0.011
383.211431 0.011
385.988339 0.011
388.785369 0.011
391.602668 0.011
394.440383 0.011
397.298660 0.011
400.177650 0.011
403.077502 0.011
405.998368 0.011
408.940400 0.011
411.903750 0.011
414.888575 0.011
417.895028 0.011
420.923268 0.011
423.973452 0.011
427.045738 0.010
430.140287 0.010
433.257261 0.010
436.396822 0.010
439.559133 0.010
442.744360 0.010
445.952668 0.010
449.184225 0.010
452.439199 0.010
455.717760 0.010
459.020079 0.010
462.346327 0.010
465.696680 0.010
469.071310 0.010
472.470394 0.010
475.894109 0.010
479.342634 0.010
482.816148 0.010
486.314833 0.010
489.838871 0.010
493.388445 0.010
496.963741 0.010
500.564945 0.010
504.192245 0.010
507.845830 0.010
511.525890 0.010
515.232618 0.010
518.966206 0.010
522.726849 0.010
526.514743 0.010
530.330086 0.009
534.173076 0.009
538.043915 0.009
541.942803 0.009
545.869944 0.009
549.825542 0.009
553.809805 0.009
557.822939 0.009
561.865154 0.009
565.936660 0.009
570.037671 0.009
574.168399 0.009
578.329060 0.009
582.519870 0.009
586.741049 0.009
590.992817 0.009
595.275394 0.009
599.589005 0.009
603.933874 0.009
608.310228 0.009
612.718295 0.009
617.158304 0.009
621.630488 0.009
626.135079 0.009
630.672311 0.009
635.242423 0.009
639.845651 0.009
644.482237 0.009
649.152421 0.009
653.856447 0.009
658.594560 0.009
663.367008 0.009
668.174039 0.009
673.015903 0.009
677.892854 0.009
682.805145 0.009
687.753032 0.009
692.736774 0.009
697.756631 0.009
702.812863 0.009
707.905735 0.009
713.035511 0.009
718.202461 0.009
723.406852 0.009
728.648956 0.009
733.929047 0.009
739.247399 0.009
744.604290 0.009
750.000000 0.009
755.434809 0.009
760.909001 0.009
766.422861 0.009
771.976677 0.009
777.570739 0.009
783.205337 0.008
788.880766 0.008
794.597321 0.008
800.355301 0.008
806.155005 0.008
811.996736 0.008
817.880799 0.008
823.807501 0.008
829.777150 0.008
835.790057 0.008
841.846536 0.008
847.946903 0.008
854.091476 0.008
860.280575 0.008
866.514523 0.008
872.793644 0.008
879.118267 0.008
885.488720 0.008
891.905336 0.008
898.368450 0.008
904.878398 0.008
911.435520 0.008
918.040157 0.008
924.692655 0.008
931.393359 0.008
938.142619 0.008
944.940787 0.008
951.788218 0.008
958.685268 0.008
965.632296 0.008
972.629666 0.008
979.677741 0.008
986.776890 0.008
993.927482 0.008
1001.129891 0.008
1008.384491 0.008
1015.691660 0.008
1023.051781 0.008
1030.465236 0.008
1037.932411 0.008
1045.453698 0.008
1053.029486 0.008
1060.660172 0.008
1068.346153 0.008
1076.087829 0.008
1083.885605 0.008
1091.739887 0.008
1099.651084 0.008
1107.619609 0.008
1115.645878 0.008
1123.730308 0.008
1131.873321 0.008
1140.075341 0.008
1148.336797 0.008
1156.658119 0.008
1165.039741 0.008
1173.482099 0.008
1181.985634 0.008
1190.550789 0.008
1199.178011 0.008
1207.867749 0.008
1216.620457 0.008
1225.436590 0.008
1234.316609 0.008
1243.260976 0.008
1252.270157 0.008
1261.344623 0.008
1270.484846 0.008
1279.691303 0.008
1288.964474 0.008
1298.304842 0.008
1307.712894 0.008
1317.189120 0.008
1326.734016 0.008
1336.348077 0.008
1346.031806 0.008
1355.785708 0.008
1365.610290 0.008
1375.506065 0.008
1385.473549 0.008
1395.513261 0.008
1405.625726 0.008
1415.811469 0.008
1426.071023 0.008
1436.404921 0.008
1446.813703 0.008
1457.297912 0.008
1467.858093 0.008
1478.494798 0.008
1489.208581 0.008
1500.000000 0.008
1510.869618 0.008
1521.818002 0.008
1532.845723 0.008
1543.953355 0.008
1555.141477 0.008
1566.410674 0.008
1577.761531 0.008
1589.194642 0.008
1600.710601 0.008
1612.310010 0.008
1623.993473 0.008
1635.761599 0.008
1647.615002 0.008
1659.554299 0.008
1671.580114 0.008
1683.693072 0.008
1695.893807 0.008
1708.182952 0.008
1720.561150 0.008
1733.029045 0.008
1745.587288 0.008
1758.236533 0.008
1770.977440 0.008
1783.810673 0.008
1796.736900 0.008
1809.756796 0.008
1822.871040 0.008
1836.080315 0.008
1849.385310 0.008
1862.786718 0.008
1876.285239 0.008
1889.881575 0.008
1903.576436 0.008
1917.370535 0.008
1931.264593 0.008
1945.259332 0.008
1959.355483 0.008
1973.553781 0.008
1987.854965 0.008
2002.259781 0.008
2016.768981 0.008
2031.383320 0.008
2046.103561 0.008
2060.930471 0.008
2075.864823 0.008
2090.907395 0.008
2106.058972 0.008
2121.320344 0.008
2136.692305 0.008
2152.175658 0.008
2167.771210 0.008
2183.479774 0.008
2199.302169 0.008
2215.239219 0.008
2231.291755 0.008
2247.460615 0.008
2263.746641 0.008
2280.150683 0.008
2296.673595 0.008
2313.316238 0.008
2330.079481 0.008
2346.964198 0.008
2363.971268 0.008
2381.101578 0.008
2398.356022 0.008
2415.735498 0.008
2433.240913 0.008
2450.873180 0.008
2468.633217 0.008
2486.521951 0.008
2504.540314 0.008
2522.689246 0.008
2540.969692 0.008
2559.382606 0.008
2577.928947 0.008
2596.609683 0.008
2615.425787 0.008
2634.378241 0.008
2653.468031 0.008
2672.696154 0.008
2692.063613 0.008
2711.571415 0.008
2731.220579 0.008
2751.012130 0.008
2770.947098 0.008
2791.026522 0.008
2811.251451 0.008
2831.622938 0.008
2852.142045 0.008
2872.809842 0.008
2893.627406 0.008
2914.595823 0.008
2935.716186 0.008
2956.989596 0.008
2978.417161 0.008
3000.000000 0.008
3021.739237 0.008
3043.636005 0.008
3065.691446 0.008
3087.906710 0.008
3110.282955 0.008
3132.821347 0.008
3155.523062 0.008
3178.389283 0.008
3201.421202 0.008
3224.620020 0.008
3247.986946 0.008
3271.523198 0.008
3295.230004 0.008
3319.108599 0.008
3343.160228 0.008
3367.386145 0.008
3391.787613 0.008
3416.365904 0.008
3441.122300 0.008
3466.058091 0.008
3491.174576 0.008
3516.473066 0.008
3541.954880 0.008
3567.621345 0.008
3593.473800 0.008
3619.513592 0.008
3645.742080 0.008
3672.160630 0.008
3698.770620 0.008
3725.573436 0.008
3752.570477 0.008
3779.763150 0.008
3807.152872 0.008
3834.741071 0.008
3862.529185 0.008
3890.518664 0.008
3918.710966 0.008
3947.107561 0.008
3975.709929 0.008
4004.519563 0.008
4033.537962 0.008
4062.766641 0.008
4092.207123 0.008
4121.860942 0.008
4151.729646 0.008
4181.814790 0.008
4212.117944 0.008
4242.640687 0.008
4273.384610 0.008
4304.351317 0.008
4335.542421 0.008
4366.959549 0.008
4398.604338 0.008
4430.478438 0.008
4462.583511 0.008
4494.921231 0.008
4527.493283 0.008
4560.301365 0.008
4593.347189 0.008
4626.632476 0.008
4660.158962 0.008
4693.928395 0.008
4727.942535 0.008
4762.203156 0.008
4796.712043 0.008
4831.470996 0.008
4866.481826 0.008
4901.746360 0.008
4937.266434 0.008
4973.043902 0.008
5009.080628 0.008
5045.378492 0.008
5081.939384 0.008
5118.765212 0.008
5155.857894 0.008
5193.219366 0.008
5230.851574 0.008
5268.756481 0.008
5306.936062 0.008
5345.392309 0.008
5384.127225 0.008
5423.142830 0.008
5462.441159 0.008
5502.024259 0.008
5541.894195 0.008
5582.053045 0.008
5622.502902 0.008
5663.245876 0.008
5704.284090 0.008
5745.619684 0.008
5787.254813 0.008
5829.191647 0.008
5871.432373 0.008
5913.979192 0.008
5956.834323 0.008
6000.000000 0.008
6043.478473 0.008
6087.272010 0.008
6131.382892 0.008
6175.813420 0.008
6220.565910 0.008
6265.642695 0.008
6311.046124 0.008
6356.778566 0.008
6402.842404 0.008
6449.240040 0.008
6495.973891 0.008
6543.046396 0.008
6590.460007 0.008
6638.217197 0.008
6686.320456 0.008
6734.772290 0.008
6783.575226 0.008
6832.731809 0.008
6882.244600 0.008
6932.116181 0.008
6982.349153 0.008
7032.946133 0.008
7083.909760 0.008
7135.242690 0.008
7186.947600 0.008
7239.027185 0.008
7291.484160 0.008
7344.321260 0.008
7397.541239 0.008
7451.146872 0.008
7505.140954 0.008
7559.526299 0.008
7614.305743 0.008
7669.482141 0.008
7725.058371 0.008
7781.037328 0.008
7837.421932 0.008
7894.215122 0.008
7951.419859 0.008
8009.039125 0.008
8067.075924 0.008
8125.533282 0.008
8184.414245 0.008
8243.721885 0.008
8303.459292 0.008
8363.629581 0.008
8424.235888 0.008
8485.281374 0.008
8546.769221 0.008
8608.702634 0.008
8671.084842 0.008
8733.919097 0.008
8797.208675 0.008
8860.956876 0.008
8925.167022 0.008
8989.842461 0.008
9054.986566 0.008
9120.602731 0.008
9186.694378 0.008
9253.264952 0.008
9320.317925 0.008
9387.856790 0.008
9455.885071 0.008
9524.406312 0.008
9593.424086 0.008
9662.941992 0.008
9732.963653 0.008
9803.492719 0.008
9874.532869 0.008
9946.087805 0.008
10018.161257 0.008
10090.756983 0.008
10163.878768 0.008
10237.530423 0.008
10311.715789 0.008
10386.438732 0.008
10461.703149 0.008
10537.512962 0.008
10613.872125 0.008
10690.784618 0.008
10768.254450 0.008
10846.285661 0.008
10924.882318 0.008
11004.048518 0.008
11083.788390 0.008
11164.106090 0.008
11245.005805 0.008
11326.491752 0.008
11408.568180 0.008
11491.239368 0.008
11574.509626 0.008
11658.383294 0.008
11742.864745 0.008
11827.958384 0.008
11913.668646 0.008
12000.000000 0.008
12086.956947 0.008
12174.544019 0.008
12262.765784 0.008
12351.626840 0.008
12441.131819 0.008
12531.285389 0.007
12622.092249 0.007
12713.557132 0.007
12805.684808 0.007
12898.480079 0.007
12991.947783 0.007
13086.092792 0.007
13180.920015 0.007
13276.434395 0.007
13372.640911 0.007
13469.544580 0.007
13567.150452 0.007
13665.463617 0.007
13764.489200 0.007
13864.232362 0.007
13964.698305 0.007
14065.892266 0.007
14167.819519 0.007
14270.485380 0.007
14373.895200 0.007
14478.054370 0.007
14582.968320 0.007
14688.642520 0.007
14795.082478 0.007
14902.293745 0.007
15010.281908 0.007
15119.052599 0.007
15228.611486 0.007
15338.964283 0.007
15450.116741 0.007
15562.074656 0.007
15674.843864 0.007
15788.430244 0.007
15902.839718 0.007
16018.078250 0.007
16134.151848 0.007
16251.066563 0.007
16368.828491 0.007
16487.443769 0.007
16606.918584 0.007
16727.259161 0.007
16848.471777 0.007
16970.562748 0.007
17093.538442 0.007
17217.405268 0.007
17342.169684 0.007
17467.838194 0.007
17594.417350 0.007
17721.913751 0.007
17850.334044 0.007
17979.684923 0.007
18109.973131 0.007
18241.205462 0.007
18373.388756 0.007
18506.529905 0.007
18640.635849 0.007
18775.713581 0.007
18911.770141 0.007
19048.812624 0.007
19186.848172 0.007
19325.883983 0.007
19465.927305 0.007
19606.985439 0.007
19749.065738 0.007
19892.175609 0.007
20036.322514 0.007
20181.513966 0.007
20327.757536 0.007
20475.060846 0.007
20623.431577 0.007
20772.877464 0.007
20923.406297 0.007
21075.025924 0.007
21227.744250 0.007
21381.569235 0.007
21536.508900 0.007
21692.571321 0.007
21849.764635 0.007
22008.097037 0.007
22167.576780 0.007
22328.212180 0.007
22490.011609 0.007
22652.983504 0.007
22817.136361 0.007
22982.478737 0.007
23149.019252 0.007
23316.766588 0.007
23485.729490 0.007
23655.916767 0.007
23827.337292 0.007
24000.000000 0.007
